0.0005492,-0.00036131,-0.00034637,0.00017003,-0.00015241,0.00011398,8.4664e-05,-0.00013213,-3.0362e-05,0.00023923,-0.00039117,-0.00043883,-0.00036131,0.0025417,0.00026203,-0.0010816,0.0016614,0.0006479,-0.0011232,0.0020677,0.001003,-0.0013867,0.0018053,0.0011828,-0.00034637,0.00026203,0.00056195,-0.00025409,0.00032529,0.00042441,-0.00016326,0.00010493,0.00053302,-0.00027221,0.00042249,0.00072138,0.00017003,-0.0010816,-0.00025409,0.0012271,-0.00078241,-0.00049128,0.0010401,-0.0012002,-0.00031212,0.00092436,-0.0010996,-0.00085871,-0.00015241,0.0016614,0.00032529,-0.00078241,0.0046185,0.00074856,-0.0017903,0.0033281,0.0017846,-0.0013085,0.0029393,0.0011995,0.00011398,0.0006479,0.00042441,-0.00049128,0.00074856,0.0012672,-0.00059874,0.00047528,0.0010196,-0.00055821,0.0008924,0.00081224,8.4664e-05,-0.0011232,-0.00016326,0.0010401,-0.0017903,-0.00059874,0.0014903,-0.0015156,-0.00063415,0.0008761,-0.0016158,-0.00075208,-0.00013213,0.0020677,0.00010493,-0.0012002,0.0033281,0.00047528,-0.0015156,0.0034594,0.0010036,-0.0016092,0.0027993,0.0011678,-3.0362e-05,0.001003,0.00053302,-0.00031212,0.0017846,0.0010196,-0.00063415,0.0010036,0.0019606,-0.00054115,0.0011749,0.0012325,0.00023923,-0.0013867,-0.00027221,0.00092436,-0.0013085,-0.00055821,0.0008761,-0.0016092,-0.00054115,0.0016923,-0.0017582,-0.00065064,-0.00039117,0.0018053,0.00042249,-0.0010996,0.0029393,0.0008924,-0.0016158,0.0027993,0.0011749,-0.0017582,0.0036733,0.0014744,-0.00043883,0.0011828,0.00072138,-0.00085871,0.0011995,0.00081224,-0.00075208,0.0011678,0.0012325,-0.00065064,0.0014744,0.0017254
0.00054934,-0.0003614,-0.00034645,0.00017007,-0.00015245,0.00011401,8.4685e-05,-0.00013216,-3.0369e-05,0.00023929,-0.00039126,-0.00043894,-0.0003614,0.0025423,0.00026209,-0.0010818,0.0016618,0.00064806,-0.0011234,0.0020682,0.0010032,-0.0013871,0.0018057,0.0011831,-0.00034645,0.00026209,0.00056209,-0.00025415,0.00032537,0.00042451,-0.0001633,0.00010495,0.00053315,-0.00027228,0.0004226,0.00072156,0.00017007,-0.0010818,-0.00025415,0.0012274,-0.0007826,-0.0004914,0.0010404,-0.0012005,-0.0003122,0.00092458,-0.0010999,-0.00085892,-0.00015245,0.0016618,0.00032537,-0.0007826,0.0046197,0.00074874,-0.0017908,0.0033289,0.0017851,-0.0013088,0.00294,0.0011998,0.00011401,0.00064806,0.00042451,-0.0004914,0.00074874,0.0012675,-0.00059888,0.00047539,0.0010198,-0.00055835,0.00089262,0.00081244,8.4685e-05,-0.0011234,-0.0001633,0.0010404,-0.0017908,-0.00059888,0.0014907,-0.0015159,-0.00063431,0.00087631,-0.0016162,-0.00075227,-0.00013216,0.0020682,0.00010495,-0.0012005,0.0033289,0.00047539,-0.0015159,0.0034603,0.0010038,-0.0016096,0.0028,0.001168,-3.0369e-05,0.0010032,0.00053315,-0.0003122,0.0017851,0.0010198,-0.00063431,0.0010038,0.0019611,-0.00054128,0.0011752,0.0012328,0.00023929,-0.0013871,-0.00027228,0.00092458,-0.0013088,-0.00055835,0.00087631,-0.0016096,-0.00054128,0.0016927,-0.0017586,-0.0006508,-0.00039126,0.0018057,0.0004226,-0.0010999,0.00294,0.00089262,-0.0016162,0.0028,0.0011752,-0.0017586,0.0036742,0.0014748,-0.00043894,0.0011831,0.00072156,-0.00085892,0.0011998,0.00081244,-0.00075227,0.001168,0.0012328,-0.0006508,0.0014748,0.0017258
0.00054946,-0.00036148,-0.00034653,0.00017011,-0.00015248,0.00011404,8.4703e-05,-0.00013219,-3.0376e-05,0.00023934,-0.00039135,-0.00043904,-0.00036148,0.0025429,0.00026215,-0.0010821,0.0016622,0.0006482,-0.0011237,0.0020686,0.0010034,-0.0013874,0.0018061,0.0011833,-0.00034653,0.00026215,0.00056221,-0.00025421,0.00032544,0.00042461,-0.00016333,0.00010498,0.00053327,-0.00027234,0.00042269,0.00072172,0.00017011,-0.0010821,-0.00025421,0.0012276,-0.00078277,-0.00049151,0.0010406,-0.0012008,-0.00031227,0.00092479,-0.0011001,-0.00085911,-0.00015248,0.0016622,0.00032544,-0.00078277,0.0046207,0.00074891,-0.0017912,0.0033297,0.0017855,-0.0013091,0.0029406,0.0012,0.00011404,0.0006482,0.00042461,-0.00049151,0.00074891,0.0012677,-0.00059901,0.0004755,0.0010201,-0.00055847,0.00089282,0.00081262,8.4703e-05,-0.0011237,-0.00016333,0.0010406,-0.0017912,-0.00059901,0.001491,-0.0015163,-0.00063445,0.00087651,-0.0016166,-0.00075243,-0.00013219,0.0020686,0.00010498,-0.0012008,0.0033297,0.0004755,-0.0015163,0.003461,0.001004,-0.0016099,0.0028006,0.0011683,-3.0376e-05,0.0010034,0.00053327,-0.00031227,0.0017855,0.0010201,-0.00063445,0.001004,0.0019615,-0.0005414,0.0011755,0.0012331,0.00023934,-0.0013874,-0.00027234,0.00092479,-0.0013091,-0.00055847,0.00087651,-0.0016099,-0.0005414,0.0016931,-0.001759,-0.00065094,-0.00039135,0.0018061,0.00042269,-0.0011001,0.0029406,0.00089282,-0.0016166,0.0028006,0.0011755,-0.001759,0.003675,0.0014751,-0.00043904,0.0011833,0.00072172,-0.00085911,0.0012,0.00081262,-0.00075243,0.0011683,0.0012331,-0.00065094,0.0014751,0.0017262
0.00054957,-0.00036155,-0.0003466,0.00017015,-0.00015251,0.00011406,8.4721e-05,-0.00013222,-3.0382e-05,0.00023939,-0.00039143,-0.00043913,-0.00036155,0.0025434,0.0002622,-0.0010823,0.0016625,0.00064833,-0.0011239,0.002069,0.0010036,-0.0013876,0.0018065,0.0011836,-0.0003466,0.0002622,0.00056233,-0.00025426,0.0003255,0.00042469,-0.00016337,0.000105,0.00053338,-0.0002724,0.00042278,0.00072187,0.00017015,-0.0010823,-0.00025426,0.0012279,-0.00078293,-0.00049161,0.0010408,-0.001201,-0.00031233,0.00092497,-0.0011003,-0.00085928,-0.00015251,0.0016625,0.0003255,-0.00078293,0.0046216,0.00074906,-0.0017915,0.0033304,0.0017858,-0.0013094,0.0029412,0.0012003,0.00011406,0.00064833,0.00042469,-0.00049161,0.00074906,0.001268,-0.00059914,0.0004756,0.0010203,-0.00055859,0.000893,0.00081278,8.4721e-05,-0.0011239,-0.00016337,0.0010408,-0.0017915,-0.00059914,0.0014913,-0.0015166,-0.00063458,0.00087669,-0.0016169,-0.00075259,-0.00013222,0.002069,0.000105,-0.001201,0.0033304,0.0004756,-0.0015166,0.0034617,0.0010042,-0.0016103,0.0028012,0.0011685,-3.0382e-05,0.0010036,0.00053338,-0.00031233,0.0017858,0.0010203,-0.00063458,0.0010042,0.0019619,-0.00054152,0.0011757,0.0012334,0.00023939,-0.0013876,-0.0002724,0.00092497,-0.0013094,-0.00055859,0.00087669,-0.0016103,-0.00054152,0.0016934,-0.0017594,-0.00065107,-0.00039143,0.0018065,0.00042278,-0.0011003,0.0029412,0.000893,-0.0016169,0.0028012,0.0011757,-0.0017594,0.0036758,0.0014754,-0.00043913,0.0011836,0.00072187,-0.00085928,0.0012003,0.00081278,-0.00075259,0.0011685,0.0012334,-0.00065107,0.0014754,0.0017266
0.00054967,-0.00036162,-0.00034666,0.00017018,-0.00015254,0.00011408,8.4736e-05,-0.00013224,-3.0388e-05,0.00023943,-0.0003915,-0.00043921,-0.00036162,0.0025439,0.00026225,-0.0010825,0.0016628,0.00064845,-0.0011241,0.0020694,0.0010038,-0.0013879,0.0018068,0.0011838,-0.00034666,0.00026225,0.00056243,-0.00025431,0.00032556,0.00042477,-0.0001634,0.00010502,0.00053348,-0.00027245,0.00042285,0.000722,0.00017018,-0.0010825,-0.00025431,0.0012281,-0.00078308,-0.00049171,0.001041,-0.0012013,-0.00031239,0.00092515,-0.0011005,-0.00085944,-0.00015254,0.0016628,0.00032556,-0.00078308,0.0046225,0.0007492,-0.0017919,0.003331,0.0017862,-0.0013096,0.0029418,0.0012005,0.00011408,0.00064845,0.00042477,-0.00049171,0.0007492,0.0012682,-0.00059925,0.00047568,0.0010205,-0.00055869,0.00089316,0.00081293,8.4736e-05,-0.0011241,-0.0001634,0.001041,-0.0017919,-0.00059925,0.0014916,-0.0015169,-0.00063469,0.00087685,-0.0016172,-0.00075273,-0.00013224,0.0020694,0.00010502,-0.0012013,0.003331,0.00047568,-0.0015169,0.0034624,0.0010044,-0.0016106,0.0028017,0.0011688,-3.0388e-05,0.0010038,0.00053348,-0.00031239,0.0017862,0.0010205,-0.00063469,0.0010044,0.0019623,-0.00054162,0.0011759,0.0012336,0.00023943,-0.0013879,-0.00027245,0.00092515,-0.0013096,-0.00055869,0.00087685,-0.0016106,-0.00054162,0.0016938,-0.0017597,-0.0006512,-0.0003915,0.0018068,0.00042285,-0.0011005,0.0029418,0.00089316,-0.0016172,0.0028017,0.0011759,-0.0017597,0.0036765,0.0014757,-0.00043921,0.0011838,0.000722,-0.00085944,0.0012005,0.00081293,-0.00075273,0.0011688,0.0012336,-0.0006512,0.0014757,0.0017269
0.00054977,-0.00036168,-0.00034672,0.00017021,-0.00015257,0.0001141,8.4751e-05,-0.00013226,-3.0393e-05,0.00023947,-0.00039157,-0.00043928,-0.00036168,0.0025443,0.00026229,-0.0010827,0.0016631,0.00064856,-0.0011243,0.0020698,0.001004,-0.0013881,0.0018071,0.001184,-0.00034672,0.00026229,0.00056253,-0.00025435,0.00032562,0.00042484,-0.00016342,0.00010504,0.00053357,-0.00027249,0.00042293,0.00072212,0.00017021,-0.0010827,-0.00025435,0.0012283,-0.00078321,-0.00049179,0.0010412,-0.0012015,-0.00031244,0.0009253,-0.0011007,-0.00085959,-0.00015257,0.0016631,0.00032562,-0.00078321,0.0046233,0.00074933,-0.0017922,0.0033315,0.0017865,-0.0013098,0.0029423,0.0012007,0.0001141,0.00064856,0.00042484,-0.00049179,0.00074933,0.0012685,-0.00059935,0.00047576,0.0010206,-0.00055878,0.00089331,0.00081307,8.4751e-05,-0.0011243,-0.00016342,0.0010412,-0.0017922,-0.00059935,0.0014918,-0.0015171,-0.0006348,0.000877,-0.0016175,-0.00075285,-0.00013226,0.0020698,0.00010504,-0.0012015,0.0033315,0.00047576,-0.0015171,0.003463,0.0010046,-0.0016108,0.0028021,0.001169,-3.0393e-05,0.001004,0.00053357,-0.00031244,0.0017865,0.0010206,-0.0006348,0.0010046,0.0019626,-0.00054171,0.0011761,0.0012338,0.00023947,-0.0013881,-0.00027249,0.0009253,-0.0013098,-0.00055878,0.000877,-0.0016108,-0.00054171,0.001694,-0.00176,-0.00065131,-0.00039157,0.0018071,0.00042293,-0.0011007,0.0029423,0.00089331,-0.0016175,0.0028021,0.0011761,-0.00176,0.0036771,0.0014759,-0.00043928,0.001184,0.00072212,-0.00085959,0.0012007,0.00081307,-0.00075285,0.001169,0.0012338,-0.00065131,0.0014759,0.0017272
0.00054985,-0.00036173,-0.00034678,0.00017023,-0.00015259,0.00011412,8.4764e-05,-0.00013228,-3.0397e-05,0.00023951,-0.00039163,-0.00043935,-0.00036173,0.0025447,0.00026234,-0.0010828,0.0016633,0.00064866,-0.0011245,0.0020701,0.0010041,-0.0013884,0.0018074,0.0011842,-0.00034678,0.00026234,0.00056261,-0.00025439,0.00032567,0.00042491,-0.00016345,0.00010505,0.00053365,-0.00027253,0.00042299,0.00072223,0.00017023,-0.0010828,-0.00025439,0.0012285,-0.00078333,-0.00049186,0.0010413,-0.0012016,-0.00031249,0.00092544,-0.0011009,-0.00085972,-0.00015259,0.0016633,0.00032567,-0.00078333,0.004624,0.00074944,-0.0017924,0.0033321,0.0017867,-0.00131,0.0029427,0.0012009,0.00011412,0.00064866,0.00042491,-0.00049186,0.00074944,0.0012686,-0.00059944,0.00047584,0.0010208,-0.00055887,0.00089345,0.0008132,8.4764e-05,-0.0011245,-0.00016345,0.0010413,-0.0017924,-0.00059944,0.001492,-0.0015174,-0.0006349,0.00087713,-0.0016177,-0.00075297,-0.00013228,0.0020701,0.00010505,-0.0012016,0.0033321,0.00047584,-0.0015174,0.0034635,0.0010047,-0.0016111,0.0028026,0.0011691,-3.0397e-05,0.0010041,0.00053365,-0.00031249,0.0017867,0.0010208,-0.0006349,0.0010047,0.0019629,-0.00054179,0.0011763,0.001234,0.00023951,-0.0013884,-0.00027253,0.00092544,-0.00131,-0.00055887,0.00087713,-0.0016111,-0.00054179,0.0016943,-0.0017603,-0.00065141,-0.00039163,0.0018074,0.00042299,-0.0011009,0.0029427,0.00089345,-0.0016177,0.0028026,0.0011763,-0.0017603,0.0036777,0.0014762,-0.00043935,0.0011842,0.00072223,-0.00085972,0.0012009,0.0008132,-0.00075297,0.0011691,0.001234,-0.00065141,0.0014762,0.0017275
0.00054993,-0.00036179,-0.00034682,0.00017026,-0.00015261,0.00011413,8.4775e-05,-0.0001323,-3.0402e-05,0.00023954,-0.00039168,-0.00043941,-0.00036179,0.0025451,0.00026237,-0.001083,0.0016636,0.00064875,-0.0011247,0.0020704,0.0010043,-0.0013885,0.0018076,0.0011843,-0.00034682,0.00026237,0.00056269,-0.00025443,0.00032571,0.00042497,-0.00016347,0.00010507,0.00053373,-0.00027257,0.00042305,0.00072233,0.00017026,-0.001083,-0.00025443,0.0012287,-0.00078344,-0.00049193,0.0010415,-0.0012018,-0.00031253,0.00092557,-0.0011011,-0.00085984,-0.00015261,0.0016636,0.00032571,-0.00078344,0.0046246,0.00074955,-0.0017927,0.0033325,0.001787,-0.0013102,0.0029431,0.0012011,0.00011413,0.00064875,0.00042497,-0.00049193,0.00074955,0.0012688,-0.00059952,0.0004759,0.0010209,-0.00055895,0.00089357,0.00081331,8.4775e-05,-0.0011247,-0.00016347,0.0010415,-0.0017927,-0.00059952,0.0014923,-0.0015176,-0.00063499,0.00087726,-0.0016179,-0.00075307,-0.0001323,0.0020704,0.00010507,-0.0012018,0.0033325,0.0004759,-0.0015176,0.003464,0.0010049,-0.0016113,0.002803,0.0011693,-3.0402e-05,0.0010043,0.00053373,-0.00031253,0.001787,0.0010209,-0.00063499,0.0010049,0.0019632,-0.00054187,0.0011765,0.0012341,0.00023954,-0.0013885,-0.00027257,0.00092557,-0.0013102,-0.00055895,0.00087726,-0.0016113,-0.00054187,0.0016945,-0.0017605,-0.0006515,-0.00039168,0.0018076,0.00042305,-0.0011011,0.0029431,0.00089357,-0.0016179,0.002803,0.0011765,-0.0017605,0.0036782,0.0014764,-0.00043941,0.0011843,0.00072233,-0.00085984,0.0012011,0.00081331,-0.00075307,0.0011693,0.0012341,-0.0006515,0.0014764,0.0017277
0.00054999,-0.00036183,-0.00034687,0.00017028,-0.00015263,0.00011415,8.4786e-05,-0.00013232,-3.0405e-05,0.00023957,-0.00039173,-0.00043946,-0.00036183,0.0025454,0.0002624,-0.0010831,0.0016638,0.00064883,-0.0011248,0.0020706,0.0010044,-0.0013887,0.0018079,0.0011845,-0.00034687,0.0002624,0.00056276,-0.00025446,0.00032576,0.00042502,-0.00016349,0.00010508,0.00053379,-0.00027261,0.0004231,0.00072242,0.00017028,-0.0010831,-0.00025446,0.0012288,-0.00078354,-0.00049199,0.0010416,-0.001202,-0.00031257,0.00092569,-0.0011012,-0.00085995,-0.00015263,0.0016638,0.00032576,-0.00078354,0.0046252,0.00074964,-0.0017929,0.0033329,0.0017872,-0.0013104,0.0029435,0.0012012,0.00011415,0.00064883,0.00042502,-0.00049199,0.00074964,0.001269,-0.0005996,0.00047596,0.0010211,-0.00055902,0.00089369,0.00081341,8.4786e-05,-0.0011248,-0.00016349,0.0010416,-0.0017929,-0.0005996,0.0014924,-0.0015178,-0.00063507,0.00087737,-0.0016182,-0.00075317,-0.00013232,0.0020706,0.00010508,-0.001202,0.0033329,0.00047596,-0.0015178,0.0034644,0.001005,-0.0016115,0.0028033,0.0011694,-3.0405e-05,0.0010044,0.00053379,-0.00031257,0.0017872,0.0010211,-0.00063507,0.001005,0.0019634,-0.00054193,0.0011766,0.0012343,0.00023957,-0.0013887,-0.00027261,0.00092569,-0.0013104,-0.00055902,0.00087737,-0.0016115,-0.00054193,0.0016948,-0.0017608,-0.00065158,-0.00039173,0.0018079,0.0004231,-0.0011012,0.0029435,0.00089369,-0.0016182,0.0028033,0.0011766,-0.0017608,0.0036786,0.0014766,-0.00043946,0.0011845,0.00072242,-0.00085995,0.0012012,0.00081341,-0.00075317,0.0011694,0.0012343,-0.00065158,0.0014766,0.0017279
0.00055006,-0.00036187,-0.00034691,0.0001703,-0.00015265,0.00011416,8.4796e-05,-0.00013233,-3.0409e-05,0.0002396,-0.00039177,-0.00043951,-0.00036187,0.0025457,0.00026243,-0.0010832,0.001664,0.00064891,-0.0011249,0.0020709,0.0010045,-0.0013889,0.0018081,0.0011846,-0.00034691,0.00026243,0.00056283,-0.00025449,0.00032579,0.00042507,-0.00016351,0.00010509,0.00053385,-0.00027264,0.00042315,0.00072251,0.0001703,-0.0010832,-0.00025449,0.001229,-0.00078363,-0.00049205,0.0010417,-0.0012021,-0.00031261,0.00092579,-0.0011013,-0.00086004,-0.00015265,0.001664,0.00032579,-0.00078363,0.0046257,0.00074973,-0.0017931,0.0033333,0.0017874,-0.0013105,0.0029438,0.0012014,0.00011416,0.00064891,0.00042507,-0.00049205,0.00074973,0.0012691,-0.00059967,0.00047602,0.0010212,-0.00055908,0.00089379,0.0008135,8.4796e-05,-0.0011249,-0.00016351,0.0010417,-0.0017931,-0.00059967,0.0014926,-0.0015179,-0.00063514,0.00087746,-0.0016183,-0.00075325,-0.00013233,0.0020709,0.00010509,-0.0012021,0.0033333,0.00047602,-0.0015179,0.0034648,0.0010051,-0.0016117,0.0028036,0.0011696,-3.0409e-05,0.0010045,0.00053385,-0.00031261,0.0017874,0.0010212,-0.00063514,0.0010051,0.0019636,-0.00054199,0.0011767,0.0012344,0.0002396,-0.0013889,-0.00027264,0.00092579,-0.0013105,-0.00055908,0.00087746,-0.0016117,-0.00054199,0.0016949,-0.001761,-0.00065165,-0.00039177,0.0018081,0.00042315,-0.0011013,0.0029438,0.00089379,-0.0016183,0.0028036,0.0011767,-0.001761,0.003679,0.0014767,-0.00043951,0.0011846,0.00072251,-0.00086004,0.0012014,0.0008135,-0.00075325,0.0011696,0.0012344,-0.00065165,0.0014767,0.0017281
0.00055011,-0.00036191,-0.00034694,0.00017031,-0.00015266,0.00011417,8.4804e-05,-0.00013235,-3.0412e-05,0.00023962,-0.00039181,-0.00043956,-0.00036191,0.0025459,0.00026246,-0.0010833,0.0016641,0.00064897,-0.001125,0.0020711,0.0010046,-0.001389,0.0018083,0.0011847,-0.00034694,0.00026246,0.00056288,-0.00025451,0.00032583,0.00042511,-0.00016353,0.0001051,0.00053391,-0.00027266,0.00042319,0.00072258,0.00017031,-0.0010833,-0.00025451,0.0012291,-0.0007837,-0.0004921,0.0010418,-0.0012022,-0.00031264,0.00092589,-0.0011014,-0.00086013,-0.00015266,0.0016641,0.00032583,-0.0007837,0.0046262,0.0007498,-0.0017933,0.0033336,0.0017876,-0.0013106,0.0029441,0.0012015,0.00011417,0.00064897,0.00042511,-0.0004921,0.0007498,0.0012693,-0.00059973,0.00047607,0.0010213,-0.00055914,0.00089388,0.00081359,8.4804e-05,-0.001125,-0.00016353,0.0010418,-0.0017933,-0.00059973,0.0014928,-0.0015181,-0.0006352,0.00087755,-0.0016185,-0.00075333,-0.00013235,0.0020711,0.0001051,-0.0012022,0.0033336,0.00047607,-0.0015181,0.0034651,0.0010052,-0.0016119,0.0028039,0.0011697,-3.0412e-05,0.0010046,0.00053391,-0.00031264,0.0017876,0.0010213,-0.0006352,0.0010052,0.0019638,-0.00054205,0.0011769,0.0012346,0.00023962,-0.001389,-0.00027266,0.00092589,-0.0013106,-0.00055914,0.00087755,-0.0016119,-0.00054205,0.0016951,-0.0017611,-0.00065172,-0.00039181,0.0018083,0.00042319,-0.0011014,0.0029441,0.00089388,-0.0016185,0.0028039,0.0011769,-0.0017611,0.0036794,0.0014769,-0.00043956,0.0011847,0.00072258,-0.00086013,0.0012015,0.00081359,-0.00075333,0.0011697,0.0012346,-0.00065172,0.0014769,0.0017283
0.00055016,-0.00036194,-0.00034697,0.00017033,-0.00015268,0.00011418,8.4812e-05,-0.00013236,-3.0415e-05,0.00023965,-0.00039185,-0.0004396,-0.00036194,0.0025462,0.00026248,-0.0010834,0.0016643,0.00064903,-0.0011251,0.0020713,0.0010047,-0.0013891,0.0018084,0.0011849,-0.00034697,0.00026248,0.00056293,-0.00025454,0.00032585,0.00042515,-0.00016354,0.00010511,0.00053396,-0.00027269,0.00042323,0.00072265,0.00017033,-0.0010834,-0.00025454,0.0012292,-0.00078378,-0.00049214,0.0010419,-0.0012023,-0.00031267,0.00092597,-0.0011015,-0.00086021,-0.00015268,0.0016643,0.00032585,-0.00078378,0.0046266,0.00074987,-0.0017935,0.0033339,0.0017877,-0.0013108,0.0029444,0.0012016,0.00011418,0.00064903,0.00042515,-0.00049214,0.00074987,0.0012694,-0.00059978,0.00047611,0.0010214,-0.00055919,0.00089396,0.00081366,8.4812e-05,-0.0011251,-0.00016354,0.0010419,-0.0017935,-0.00059978,0.0014929,-0.0015182,-0.00063526,0.00087763,-0.0016186,-0.0007534,-0.00013236,0.0020713,0.00010511,-0.0012023,0.0033339,0.00047611,-0.0015182,0.0034655,0.0010053,-0.001612,0.0028042,0.0011698,-3.0415e-05,0.0010047,0.00053396,-0.00031267,0.0017877,0.0010214,-0.00063526,0.0010053,0.001964,-0.0005421,0.001177,0.0012347,0.00023965,-0.0013891,-0.00027269,0.00092597,-0.0013108,-0.00055919,0.00087763,-0.001612,-0.0005421,0.0016953,-0.0017613,-0.00065178,-0.00039185,0.0018084,0.00042323,-0.0011015,0.0029444,0.00089396,-0.0016186,0.0028042,0.001177,-0.0017613,0.0036798,0.001477,-0.0004396,0.0011849,0.00072265,-0.00086021,0.0012016,0.00081366,-0.0007534,0.0011698,0.0012347,-0.00065178,0.001477,0.0017284
0.00055021,-0.00036197,-0.000347,0.00017034,-0.00015269,0.00011419,8.4819e-05,-0.00013237,-3.0417e-05,0.00023966,-0.00039188,-0.00043963,-0.00036197,0.0025464,0.00026251,-0.0010835,0.0016644,0.00064908,-0.0011252,0.0020714,0.0010048,-0.0013893,0.0018086,0.001185,-0.000347,0.00026251,0.00056298,-0.00025456,0.00032588,0.00042518,-0.00016356,0.00010512,0.000534,-0.00027271,0.00042326,0.0007227,0.00017034,-0.0010835,-0.00025456,0.0012293,-0.00078384,-0.00049218,0.001042,-0.0012024,-0.00031269,0.00092605,-0.0011016,-0.00086028,-0.00015269,0.0016644,0.00032588,-0.00078384,0.004627,0.00074993,-0.0017936,0.0033342,0.0017879,-0.0013109,0.0029446,0.0012017,0.00011419,0.00064908,0.00042518,-0.00049218,0.00074993,0.0012695,-0.00059983,0.00047615,0.0010215,-0.00055923,0.00089403,0.00081372,8.4819e-05,-0.0011252,-0.00016356,0.001042,-0.0017936,-0.00059983,0.001493,-0.0015183,-0.00063531,0.0008777,-0.0016188,-0.00075346,-0.00013237,0.0020714,0.00010512,-0.0012024,0.0033342,0.00047615,-0.0015183,0.0034657,0.0010054,-0.0016121,0.0028044,0.0011699,-3.0417e-05,0.0010048,0.000534,-0.00031269,0.0017879,0.0010215,-0.00063531,0.0010054,0.0019642,-0.00054214,0.0011771,0.0012348,0.00023966,-0.0013893,-0.00027271,0.00092605,-0.0013109,-0.00055923,0.0008777,-0.0016121,-0.00054214,0.0016954,-0.0017614,-0.00065183,-0.00039188,0.0018086,0.00042326,-0.0011016,0.0029446,0.00089403,-0.0016188,0.0028044,0.0011771,-0.0017614,0.00368,0.0014771,-0.00043963,0.001185,0.0007227,-0.00086028,0.0012017,0.00081372,-0.00075346,0.0011699,0.0012348,-0.00065183,0.0014771,0.0017286
0.00055025,-0.000362,-0.00034703,0.00017035,-0.0001527,0.0001142,8.4825e-05,-0.00013238,-3.0419e-05,0.00023968,-0.00039191,-0.00043966,-0.000362,0.0025465,0.00026252,-0.0010836,0.0016645,0.00064913,-0.0011253,0.0020716,0.0010049,-0.0013894,0.0018087,0.001185,-0.00034703,0.00026252,0.00056302,-0.00025458,0.0003259,0.00042521,-0.00016357,0.00010513,0.00053404,-0.00027273,0.00042329,0.00072275,0.00017035,-0.0010836,-0.00025458,0.0012294,-0.00078389,-0.00049222,0.0010421,-0.0012025,-0.00031271,0.00092611,-0.0011017,-0.00086034,-0.0001527,0.0016645,0.0003259,-0.00078389,0.0046273,0.00074998,-0.0017937,0.0033345,0.001788,-0.001311,0.0029448,0.0012018,0.0001142,0.00064913,0.00042521,-0.00049222,0.00074998,0.0012696,-0.00059987,0.00047618,0.0010215,-0.00055927,0.00089409,0.00081378,8.4825e-05,-0.0011253,-0.00016357,0.0010421,-0.0017937,-0.00059987,0.0014931,-0.0015185,-0.00063536,0.00087777,-0.0016189,-0.00075351,-0.00013238,0.0020716,0.00010513,-0.0012025,0.0033345,0.00047618,-0.0015185,0.003466,0.0010055,-0.0016122,0.0028046,0.00117,-3.0419e-05,0.0010049,0.00053404,-0.00031271,0.001788,0.0010215,-0.00063536,0.0010055,0.0019643,-0.00054218,0.0011771,0.0012349,0.00023968,-0.0013894,-0.00027273,0.00092611,-0.001311,-0.00055927,0.00087777,-0.0016122,-0.00054218,0.0016955,-0.0017616,-0.00065187,-0.00039191,0.0018087,0.00042329,-0.0011017,0.0029448,0.00089409,-0.0016189,0.0028046,0.0011771,-0.0017616,0.0036803,0.0014772,-0.00043966,0.001185,0.00072275,-0.00086034,0.0012018,0.00081378,-0.00075351,0.00117,0.0012349,-0.00065187,0.0014772,0.0017287
0.00055028,-0.00036202,-0.00034705,0.00017037,-0.00015271,0.00011421,8.483e-05,-0.00013239,-3.0421e-05,0.0002397,-0.00039193,-0.00043969,-0.00036202,0.0025467,0.00026254,-0.0010837,0.0016646,0.00064917,-0.0011254,0.0020717,0.0010049,-0.0013894,0.0018088,0.0011851,-0.00034705,0.00026254,0.00056305,-0.00025459,0.00032592,0.00042524,-0.00016358,0.00010513,0.00053407,-0.00027275,0.00042332,0.0007228,0.00017037,-0.0010837,-0.00025459,0.0012295,-0.00078394,-0.00049225,0.0010422,-0.0012026,-0.00031273,0.00092617,-0.0011018,-0.00086039,-0.00015271,0.0016646,0.00032592,-0.00078394,0.0046276,0.00075003,-0.0017938,0.0033347,0.0017881,-0.001311,0.002945,0.0012018,0.00011421,0.00064917,0.00042524,-0.00049225,0.00075003,0.0012696,-0.00059991,0.00047621,0.0010216,-0.00055931,0.00089415,0.00081383,8.483e-05,-0.0011254,-0.00016358,0.0010422,-0.0017938,-0.00059991,0.0014932,-0.0015186,-0.00063539,0.00087782,-0.001619,-0.00075356,-0.00013239,0.0020717,0.00010513,-0.0012026,0.0033347,0.00047621,-0.0015186,0.0034662,0.0010055,-0.0016123,0.0028048,0.00117,-3.0421e-05,0.0010049,0.00053407,-0.00031273,0.0017881,0.0010216,-0.00063539,0.0010055,0.0019644,-0.00054221,0.0011772,0.0012349,0.0002397,-0.0013894,-0.00027275,0.00092617,-0.001311,-0.00055931,0.00087782,-0.0016123,-0.00054221,0.0016956,-0.0017617,-0.00065192,-0.00039193,0.0018088,0.00042332,-0.0011018,0.002945,0.00089415,-0.001619,0.0028048,0.0011772,-0.0017617,0.0036805,0.0014773,-0.00043969,0.0011851,0.0007228,-0.00086039,0.0012018,0.00081383,-0.00075356,0.00117,0.0012349,-0.00065192,0.0014773,0.0017288
0.00055031,-0.00036204,-0.00034707,0.00017037,-0.00015272,0.00011421,8.4834e-05,-0.00013239,-3.0423e-05,0.00023971,-0.00039195,-0.00043972,-0.00036204,0.0025468,0.00026255,-0.0010837,0.0016647,0.0006492,-0.0011254,0.0020718,0.001005,-0.0013895,0.0018089,0.0011852,-0.00034707,0.00026255,0.00056308,-0.0002546,0.00032594,0.00042526,-0.00016359,0.00010514,0.0005341,-0.00027276,0.00042334,0.00072284,0.00017037,-0.0010837,-0.0002546,0.0012295,-0.00078398,-0.00049227,0.0010422,-0.0012027,-0.00031275,0.00092622,-0.0011018,-0.00086044,-0.00015272,0.0016647,0.00032594,-0.00078398,0.0046278,0.00075007,-0.0017939,0.0033348,0.0017882,-0.0013111,0.0029452,0.0012019,0.00011421,0.0006492,0.00042526,-0.00049227,0.00075007,0.0012697,-0.00059994,0.00047624,0.0010216,-0.00055934,0.0008942,0.00081388,8.4834e-05,-0.0011254,-0.00016359,0.0010422,-0.0017939,-0.00059994,0.0014933,-0.0015186,-0.00063543,0.00087787,-0.0016191,-0.0007536,-0.00013239,0.0020718,0.00010514,-0.0012027,0.0033348,0.00047624,-0.0015186,0.0034664,0.0010056,-0.0016124,0.0028049,0.0011701,-3.0423e-05,0.001005,0.0005341,-0.00031275,0.0017882,0.0010216,-0.00063543,0.0010056,0.0019645,-0.00054224,0.0011773,0.001235,0.00023971,-0.0013895,-0.00027276,0.00092622,-0.0013111,-0.00055934,0.00087787,-0.0016124,-0.00054224,0.0016957,-0.0017618,-0.00065195,-0.00039195,0.0018089,0.00042334,-0.0011018,0.0029452,0.0008942,-0.0016191,0.0028049,0.0011773,-0.0017618,0.0036807,0.0014774,-0.00043972,0.0011852,0.00072284,-0.00086044,0.0012019,0.00081388,-0.0007536,0.0011701,0.001235,-0.00065195,0.0014774,0.0017289
0.00055033,-0.00036205,-0.00034708,0.00017038,-0.00015272,0.00011422,8.4838e-05,-0.0001324,-3.0424e-05,0.00023972,-0.00039197,-0.00043974,-0.00036205,0.0025469,0.00026257,-0.0010838,0.0016648,0.00064923,-0.0011255,0.0020719,0.001005,-0.0013896,0.001809,0.0011852,-0.00034708,0.00026257,0.00056311,-0.00025462,0.00032596,0.00042528,-0.00016359,0.00010514,0.00053412,-0.00027277,0.00042336,0.00072287,0.00017038,-0.0010838,-0.00025462,0.0012296,-0.00078402,-0.0004923,0.0010423,-0.0012027,-0.00031276,0.00092626,-0.0011019,-0.00086048,-0.00015272,0.0016648,0.00032596,-0.00078402,0.0046281,0.0007501,-0.001794,0.003335,0.0017883,-0.0013112,0.0029453,0.001202,0.00011422,0.00064923,0.00042528,-0.0004923,0.0007501,0.0012698,-0.00059997,0.00047626,0.0010217,-0.00055936,0.00089424,0.00081391,8.4838e-05,-0.0011255,-0.00016359,0.0010423,-0.001794,-0.00059997,0.0014934,-0.0015187,-0.00063546,0.00087791,-0.0016191,-0.00075363,-0.0001324,0.0020719,0.00010514,-0.0012027,0.003335,0.00047626,-0.0015187,0.0034665,0.0010056,-0.0016125,0.002805,0.0011702,-3.0424e-05,0.001005,0.00053412,-0.00031276,0.0017883,0.0010217,-0.00063546,0.0010056,0.0019646,-0.00054227,0.0011773,0.0012351,0.00023972,-0.0013896,-0.00027277,0.00092626,-0.0013112,-0.00055936,0.00087791,-0.0016125,-0.00054227,0.0016958,-0.0017618,-0.00065198,-0.00039197,0.001809,0.00042336,-0.0011019,0.0029453,0.00089424,-0.0016191,0.002805,0.0011773,-0.0017618,0.0036809,0.0014775,-0.00043974,0.0011852,0.00072287,-0.00086048,0.001202,0.00081391,-0.00075363,0.0011702,0.0012351,-0.00065198,0.0014775,0.001729
0.00055035,-0.00036207,-0.00034709,0.00017039,-0.00015273,0.00011422,8.4842e-05,-0.00013241,-3.0425e-05,0.00023973,-0.00039199,-0.00043975,-0.00036207,0.002547,0.00026258,-0.0010838,0.0016649,0.00064926,-0.0011255,0.002072,0.0010051,-0.0013896,0.0018091,0.0011853,-0.00034709,0.00026258,0.00056313,-0.00025463,0.00032597,0.0004253,-0.0001636,0.00010515,0.00053414,-0.00027279,0.00042338,0.0007229,0.00017039,-0.0010838,-0.00025463,0.0012297,-0.00078405,-0.00049232,0.0010423,-0.0012028,-0.00031278,0.0009263,-0.0011019,-0.00086051,-0.00015273,0.0016649,0.00032597,-0.00078405,0.0046282,0.00075013,-0.0017941,0.0033351,0.0017884,-0.0013112,0.0029454,0.001202,0.00011422,0.00064926,0.0004253,-0.00049232,0.00075013,0.0012698,-0.00059999,0.00047628,0.0010217,-0.00055938,0.00089427,0.00081394,8.4842e-05,-0.0011255,-0.0001636,0.0010423,-0.0017941,-0.00059999,0.0014934,-0.0015188,-0.00063548,0.00087794,-0.0016192,-0.00075366,-0.00013241,0.002072,0.00010515,-0.0012028,0.0033351,0.00047628,-0.0015188,0.0034667,0.0010057,-0.0016126,0.0028051,0.0011702,-3.0425e-05,0.0010051,0.00053414,-0.00031278,0.0017884,0.0010217,-0.00063548,0.0010057,0.0019647,-0.00054229,0.0011774,0.0012351,0.00023973,-0.0013896,-0.00027279,0.0009263,-0.0013112,-0.00055938,0.00087794,-0.0016126,-0.00054229,0.0016959,-0.0017619,-0.000652,-0.00039199,0.0018091,0.00042338,-0.0011019,0.0029454,0.00089427,-0.0016192,0.0028051,0.0011774,-0.0017619,0.003681,0.0014775,-0.00043975,0.0011853,0.0007229,-0.00086051,0.001202,0.00081394,-0.00075366,0.0011702,0.0012351,-0.000652,0.0014775,0.001729
0.00055037,-0.00036208,-0.00034711,0.00017039,-0.00015273,0.00011423,8.4844e-05,-0.00013241,-3.0426e-05,0.00023974,-0.000392,-0.00043977,-0.00036208,0.0025471,0.00026258,-0.0010839,0.0016649,0.00064928,-0.0011256,0.0020721,0.0010051,-0.0013897,0.0018091,0.0011853,-0.00034711,0.00026258,0.00056315,-0.00025463,0.00032598,0.00042531,-0.0001636,0.00010515,0.00053416,-0.00027279,0.00042339,0.00072292,0.00017039,-0.0010839,-0.00025463,0.0012297,-0.00078407,-0.00049233,0.0010423,-0.0012028,-0.00031279,0.00092632,-0.0011019,-0.00086054,-0.00015273,0.0016649,0.00032598,-0.00078407,0.0046284,0.00075015,-0.0017941,0.0033352,0.0017884,-0.0013113,0.0029455,0.001202,0.00011423,0.00064928,0.00042531,-0.00049233,0.00075015,0.0012699,-0.00060001,0.00047629,0.0010218,-0.0005594,0.0008943,0.00081397,8.4844e-05,-0.0011256,-0.0001636,0.0010423,-0.0017941,-0.00060001,0.0014935,-0.0015188,-0.0006355,0.00087797,-0.0016193,-0.00075368,-0.00013241,0.0020721,0.00010515,-0.0012028,0.0033352,0.00047629,-0.0015188,0.0034668,0.0010057,-0.0016126,0.0028052,0.0011702,-3.0426e-05,0.0010051,0.00053416,-0.00031279,0.0017884,0.0010218,-0.0006355,0.0010057,0.0019648,-0.0005423,0.0011774,0.0012352,0.00023974,-0.0013897,-0.00027279,0.00092632,-0.0013113,-0.0005594,0.00087797,-0.0016126,-0.0005423,0.0016959,-0.001762,-0.00065202,-0.000392,0.0018091,0.00042339,-0.0011019,0.0029455,0.0008943,-0.0016193,0.0028052,0.0011774,-0.001762,0.0036812,0.0014776,-0.00043977,0.0011853,0.00072292,-0.00086054,0.001202,0.00081397,-0.00075368,0.0011702,0.0012352,-0.00065202,0.0014776,0.0017291
0.00055038,-0.00036209,-0.00034711,0.0001704,-0.00015274,0.00011423,8.4846e-05,-0.00013241,-3.0427e-05,0.00023974,-0.00039201,-0.00043978,-0.00036209,0.0025472,0.00026259,-0.0010839,0.001665,0.00064929,-0.0011256,0.0020721,0.0010051,-0.0013897,0.0018092,0.0011853,-0.00034711,0.00026259,0.00056316,-0.00025464,0.00032599,0.00042532,-0.00016361,0.00010515,0.00053417,-0.0002728,0.0004234,0.00072294,0.0001704,-0.0010839,-0.00025464,0.0012297,-0.00078409,-0.00049234,0.0010424,-0.0012028,-0.00031279,0.00092635,-0.001102,-0.00086056,-0.00015274,0.001665,0.00032599,-0.00078409,0.0046285,0.00075017,-0.0017942,0.0033353,0.0017885,-0.0013113,0.0029456,0.0012021,0.00011423,0.00064929,0.00042532,-0.00049234,0.00075017,0.0012699,-0.00060002,0.0004763,0.0010218,-0.00055941,0.00089432,0.00081399,8.4846e-05,-0.0011256,-0.00016361,0.0010424,-0.0017942,-0.00060002,0.0014935,-0.0015188,-0.00063552,0.00087799,-0.0016193,-0.0007537,-0.00013241,0.0020721,0.00010515,-0.0012028,0.0033353,0.0004763,-0.0015188,0.0034669,0.0010057,-0.0016127,0.0028053,0.0011703,-3.0427e-05,0.0010051,0.00053417,-0.00031279,0.0017885,0.0010218,-0.00063552,0.0010057,0.0019648,-0.00054232,0.0011774,0.0012352,0.00023974,-0.0013897,-0.0002728,0.00092635,-0.0013113,-0.00055941,0.00087799,-0.0016127,-0.00054232,0.001696,-0.001762,-0.00065204,-0.00039201,0.0018092,0.0004234,-0.001102,0.0029456,0.00089432,-0.0016193,0.0028053,0.0011774,-0.001762,0.0036812,0.0014776,-0.00043978,0.0011853,0.00072294,-0.00086056,0.0012021,0.00081399,-0.0007537,0.0011703,0.0012352,-0.00065204,0.0014776,0.0017291
0.00055039,-0.00036209,-0.00034712,0.0001704,-0.00015274,0.00011423,8.4848e-05,-0.00013241,-3.0428e-05,0.00023975,-0.00039201,-0.00043978,-0.00036209,0.0025472,0.0002626,-0.0010839,0.001665,0.0006493,-0.0011256,0.0020721,0.0010051,-0.0013897,0.0018092,0.0011854,-0.00034712,0.0002626,0.00056317,-0.00025464,0.00032599,0.00042533,-0.00016361,0.00010516,0.00053418,-0.0002728,0.00042341,0.00072295,0.0001704,-0.0010839,-0.00025464,0.0012297,-0.00078411,-0.00049235,0.0010424,-0.0012028,-0.0003128,0.00092636,-0.001102,-0.00086057,-0.00015274,0.001665,0.00032599,-0.00078411,0.0046286,0.00075019,-0.0017942,0.0033354,0.0017885,-0.0013113,0.0029456,0.0012021,0.00011423,0.0006493,0.00042533,-0.00049235,0.00075019,0.0012699,-0.00060003,0.00047631,0.0010218,-0.00055942,0.00089434,0.000814,8.4848e-05,-0.0011256,-0.00016361,0.0010424,-0.0017942,-0.00060003,0.0014935,-0.0015189,-0.00063553,0.000878,-0.0016193,-0.00075371,-0.00013241,0.0020721,0.00010516,-0.0012028,0.0033354,0.00047631,-0.0015189,0.0034669,0.0010057,-0.0016127,0.0028053,0.0011703,-3.0428e-05,0.0010051,0.00053418,-0.0003128,0.0017885,0.0010218,-0.00063553,0.0010057,0.0019648,-0.00054233,0.0011775,0.0012352,0.00023975,-0.0013897,-0.0002728,0.00092636,-0.0013113,-0.00055942,0.000878,-0.0016127,-0.00054233,0.001696,-0.001762,-0.00065205,-0.00039201,0.0018092,0.00042341,-0.001102,0.0029456,0.00089434,-0.0016193,0.0028053,0.0011775,-0.001762,0.0036813,0.0014776,-0.00043978,0.0011854,0.00072295,-0.00086057,0.0012021,0.000814,-0.00075371,0.0011703,0.0012352,-0.00065205,0.0014776,0.0017292
0.0005504,-0.0003621,-0.00034712,0.0001704,-0.00015274,0.00011423,8.4848e-05,-0.00013242,-3.0428e-05,0.00023975,-0.00039202,-0.00043979,-0.0003621,0.0025473,0.0002626,-0.0010839,0.001665,0.00064931,-0.0011256,0.0020722,0.0010052,-0.0013897,0.0018092,0.0011854,-0.00034712,0.0002626,0.00056318,-0.00025465,0.000326,0.00042533,-0.00016361,0.00010516,0.00053419,-0.00027281,0.00042341,0.00072296,0.0001704,-0.0010839,-0.00025465,0.0012298,-0.00078411,-0.00049236,0.0010424,-0.0012029,-0.0003128,0.00092637,-0.001102,-0.00086058,-0.00015274,0.001665,0.000326,-0.00078411,0.0046286,0.00075019,-0.0017942,0.0033354,0.0017885,-0.0013113,0.0029457,0.0012021,0.00011423,0.00064931,0.00042533,-0.00049236,0.00075019,0.0012699,-0.00060004,0.00047631,0.0010218,-0.00055943,0.00089434,0.00081401,8.4848e-05,-0.0011256,-0.00016361,0.0010424,-0.0017942,-0.00060004,0.0014935,-0.0015189,-0.00063553,0.00087801,-0.0016193,-0.00075372,-0.00013242,0.0020722,0.00010516,-0.0012029,0.0033354,0.00047631,-0.0015189,0.003467,0.0010058,-0.0016127,0.0028054,0.0011703,-3.0428e-05,0.0010052,0.00053419,-0.0003128,0.0017885,0.0010218,-0.00063553,0.0010058,0.0019649,-0.00054233,0.0011775,0.0012352,0.00023975,-0.0013897,-0.00027281,0.00092637,-0.0013113,-0.00055943,0.00087801,-0.0016127,-0.00054233,0.001696,-0.0017621,-0.00065206,-0.00039202,0.0018092,0.00042341,-0.001102,0.0029457,0.00089434,-0.0016193,0.0028054,0.0011775,-0.0017621,0.0036813,0.0014777,-0.00043979,0.0011854,0.00072296,-0.00086058,0.0012021,0.00081401,-0.00075372,0.0011703,0.0012352,-0.00065206,0.0014777,0.0017292
0.0005504,-0.0003621,-0.00034712,0.0001704,-0.00015274,0.00011423,8.4849e-05,-0.00013242,-3.0428e-05,0.00023975,-0.00039202,-0.00043979,-0.0003621,0.0025473,0.0002626,-0.0010839,0.001665,0.00064931,-0.0011256,0.0020722,0.0010052,-0.0013897,0.0018092,0.0011854,-0.00034712,0.0002626,0.00056318,-0.00025465,0.000326,0.00042534,-0.00016361,0.00010516,0.00053419,-0.00027281,0.00042342,0.00072296,0.0001704,-0.0010839,-0.00025465,0.0012298,-0.00078412,-0.00049236,0.0010424,-0.0012029,-0.0003128,0.00092637,-0.001102,-0.00086058,-0.00015274,0.001665,0.000326,-0.00078412,0.0046286,0.0007502,-0.0017942,0.0033354,0.0017885,-0.0013113,0.0029457,0.0012021,0.00011423,0.00064931,0.00042534,-0.00049236,0.0007502,0.0012699,-0.00060004,0.00047632,0.0010218,-0.00055943,0.00089435,0.00081401,8.4849e-05,-0.0011256,-0.00016361,0.0010424,-0.0017942,-0.00060004,0.0014935,-0.0015189,-0.00063554,0.00087802,-0.0016194,-0.00075373,-0.00013242,0.0020722,0.00010516,-0.0012029,0.0033354,0.00047632,-0.0015189,0.003467,0.0010058,-0.0016127,0.0028054,0.0011703,-3.0428e-05,0.0010052,0.00053419,-0.0003128,0.0017885,0.0010218,-0.00063554,0.0010058,0.0019649,-0.00054233,0.0011775,0.0012352,0.00023975,-0.0013897,-0.00027281,0.00092637,-0.0013113,-0.00055943,0.00087802,-0.0016127,-0.00054233,0.001696,-0.0017621,-0.00065206,-0.00039202,0.0018092,0.00042342,-0.001102,0.0029457,0.00089435,-0.0016194,0.0028054,0.0011775,-0.0017621,0.0036814,0.0014777,-0.00043979,0.0011854,0.00072296,-0.00086058,0.0012021,0.00081401,-0.00075373,0.0011703,0.0012352,-0.00065206,0.0014777,0.0017292
0.0005504,-0.0003621,-0.00034712,0.0001704,-0.00015274,0.00011423,8.4849e-05,-0.00013242,-3.0428e-05,0.00023975,-0.00039202,-0.00043979,-0.0003621,0.0025473,0.0002626,-0.0010839,0.001665,0.00064931,-0.0011256,0.0020722,0.0010052,-0.0013897,0.0018092,0.0011854,-0.00034712,0.0002626,0.00056318,-0.00025465,0.000326,0.00042533,-0.00016361,0.00010516,0.00053419,-0.00027281,0.00042341,0.00072296,0.0001704,-0.0010839,-0.00025465,0.0012298,-0.00078412,-0.00049236,0.0010424,-0.0012029,-0.0003128,0.00092637,-0.001102,-0.00086058,-0.00015274,0.001665,0.000326,-0.00078412,0.0046286,0.00075019,-0.0017942,0.0033354,0.0017885,-0.0013113,0.0029457,0.0012021,0.00011423,0.00064931,0.00042533,-0.00049236,0.00075019,0.0012699,-0.00060004,0.00047632,0.0010218,-0.00055943,0.00089435,0.00081401,8.4849e-05,-0.0011256,-0.00016361,0.0010424,-0.0017942,-0.00060004,0.0014935,-0.0015189,-0.00063553,0.00087801,-0.0016193,-0.00075372,-0.00013242,0.0020722,0.00010516,-0.0012029,0.0033354,0.00047632,-0.0015189,0.003467,0.0010058,-0.0016127,0.0028054,0.0011703,-3.0428e-05,0.0010052,0.00053419,-0.0003128,0.0017885,0.0010218,-0.00063553,0.0010058,0.0019649,-0.00054233,0.0011775,0.0012352,0.00023975,-0.0013897,-0.00027281,0.00092637,-0.0013113,-0.00055943,0.00087801,-0.0016127,-0.00054233,0.001696,-0.0017621,-0.00065206,-0.00039202,0.0018092,0.00042341,-0.001102,0.0029457,0.00089435,-0.0016193,0.0028054,0.0011775,-0.0017621,0.0036813,0.0014777,-0.00043979,0.0011854,0.00072296,-0.00086058,0.0012021,0.00081401,-0.00075372,0.0011703,0.0012352,-0.00065206,0.0014777,0.0017292
0.0005504,-0.00036209,-0.00034712,0.0001704,-0.00015274,0.00011423,8.4848e-05,-0.00013242,-3.0428e-05,0.00023975,-0.00039202,-0.00043979,-0.00036209,0.0025472,0.0002626,-0.0010839,0.001665,0.00064931,-0.0011256,0.0020722,0.0010051,-0.0013897,0.0018092,0.0011854,-0.00034712,0.0002626,0.00056317,-0.00025465,0.00032599,0.00042533,-0.00016361,0.00010516,0.00053418,-0.00027281,0.00042341,0.00072295,0.0001704,-0.0010839,-0.00025465,0.0012297,-0.00078411,-0.00049235,0.0010424,-0.0012028,-0.0003128,0.00092637,-0.001102,-0.00086057,-0.00015274,0.001665,0.00032599,-0.00078411,0.0046286,0.00075019,-0.0017942,0.0033354,0.0017885,-0.0013113,0.0029457,0.0012021,0.00011423,0.00064931,0.00042533,-0.00049235,0.00075019,0.0012699,-0.00060004,0.00047631,0.0010218,-0.00055942,0.00089434,0.00081401,8.4848e-05,-0.0011256,-0.00016361,0.0010424,-0.0017942,-0.00060004,0.0014935,-0.0015189,-0.00063553,0.00087801,-0.0016193,-0.00075372,-0.00013242,0.0020722,0.00010516,-0.0012028,0.0033354,0.00047631,-0.0015189,0.0034669,0.0010057,-0.0016127,0.0028054,0.0011703,-3.0428e-05,0.0010051,0.00053418,-0.0003128,0.0017885,0.0010218,-0.00063553,0.0010057,0.0019648,-0.00054233,0.0011775,0.0012352,0.00023975,-0.0013897,-0.00027281,0.00092637,-0.0013113,-0.00055942,0.00087801,-0.0016127,-0.00054233,0.001696,-0.001762,-0.00065205,-0.00039202,0.0018092,0.00042341,-0.001102,0.0029457,0.00089434,-0.0016193,0.0028054,0.0011775,-0.001762,0.0036813,0.0014776,-0.00043979,0.0011854,0.00072295,-0.00086057,0.0012021,0.00081401,-0.00075372,0.0011703,0.0012352,-0.00065205,0.0014776,0.0017292
