0.0011871,-0.00071456,-0.00050029,-0.00064605,-2.8615e-05,-5.2143e-05,-0.00046112,-0.0005157,-0.00046197,0.00022131,0.00089953,-0.00043897,-0.00071456,0.0023634,-0.00051347,-0.00042075,-0.00061124,0.00027844,-7.3329e-05,0.00086065,0.0006869,-9.6397e-06,-0.00092279,0.00027193,-0.00050029,-0.00051347,0.0024405,0.0019687,0.00051407,0.00011389,0.00012701,0.0013849,0.00082038,-0.00091339,-0.001536,0.0004265,-0.00064605,-0.00042075,0.0019687,0.0036022,0.0014248,-0.0005808,0.00017579,0.0010434,0.00086143,-0.00034106,-0.00078979,-0.00047189,-2.8615e-05,-0.00061124,0.00051407,0.0014248,0.0022528,-0.00024886,-0.00081184,0.00026175,0.00059758,0.00039601,-0.00064421,-0.0002716,-5.2143e-05,0.00027844,0.00011389,-0.0005808,-0.00024886,0.0028137,0.00050345,0.0011302,-0.00032332,-0.00010447,-0.0009007,-0.00044191,-0.00046112,-7.3329e-05,0.00012701,0.00017579,-0.00081184,0.00050345,0.0017491,0.00017163,9.5197e-05,-0.0002652,0.0005612,-3.0837e-05,-0.0005157,0.00086065,0.0013849,0.0010434,0.00026175,0.0011302,0.00017163,0.0033835,-0.00012726,-0.00078942,-0.0014194,-0.0006006,-0.00046197,0.0006869,0.00082038,0.00086143,0.00059758,-0.00032332,9.5197e-05,-0.00012726,0.0025017,-0.0001753,-0.0017527,0.0012161,0.00022131,-9.6397e-06,-0.00091339,-0.00034106,0.00039601,-0.00010447,-0.0002652,-0.00078942,-0.0001753,0.0016925,0.0012682,-9.1562e-05,0.00089953,-0.00092279,-0.001536,-0.00078979,-0.00064421,-0.0009007,0.0005612,-0.0014194,-0.0017527,0.0012682,0.0039557,-0.00096337,-0.00043897,0.00027193,0.0004265,-0.00047189,-0.0002716,-0.00044191,-3.0837e-05,-0.0006006,0.0012161,-9.1562e-05,-0.00096337,0.0015441
0.0012746,-0.00076717,-0.00053725,-0.00069381,-3.0557e-05,-5.5831e-05,-0.00049554,-0.00055375,-0.00049608,0.00023765,0.00096576,-0.00047139,-0.00076717,0.0025382,-0.00055165,-0.00045254,-0.00065688,0.00029867,-7.8641e-05,0.00092388,0.00073785,-1.0243e-05,-0.00099072,0.00029245,-0.00053725,-0.00055165,0.0026216,0.0021148,0.00055209,0.00012244,0.00013655,0.0014876,0.00088153,-0.00098095,-0.0016497,0.00045835,-0.00069381,-0.00045254,0.0021148,0.0038694,0.0015307,-0.00062379,0.0001887,0.0011209,0.00092496,-0.00036618,-0.00084768,-0.00050693,-3.0557e-05,-0.00065688,0.00055209,0.0015307,0.0024201,-0.00026748,-0.00087208,0.00028124,0.0006416,0.00042538,-0.00069122,-0.00029205,-5.5831e-05,0.00029867,0.00012244,-0.00062379,-0.00026748,0.0030219,0.00054123,0.0012134,-0.00034709,-0.00011212,-0.00096757,-0.0004745,-0.00049554,-7.8641e-05,0.00013655,0.0001887,-0.00087208,0.00054123,0.0018788,0.00018468,0.00010241,-0.00028486,0.00060254,-3.2894e-05,-0.00055375,0.00092388,0.0014876,0.0011209,0.00028124,0.0012134,0.00018468,0.0036342,-0.00013712,-0.00084811,-0.0015236,-0.00064531,-0.00049608,0.00073785,0.00088153,0.00092496,0.0006416,-0.00034709,0.00010241,-0.00013712,0.0026875,-0.00018797,-0.0018828,0.0013069,0.00023765,-1.0243e-05,-0.00098095,-0.00036618,0.00042538,-0.00011212,-0.00028486,-0.00084811,-0.00018797,0.0018178,0.0013618,-9.8227e-05,0.00096576,-0.00099072,-0.0016497,-0.00084768,-0.00069122,-0.00096757,0.00060254,-0.0015236,-0.0018828,0.0013618,0.0042479,-0.0010354,-0.00047139,0.00029245,0.00045835,-0.00050693,-0.00029205,-0.0004745,-3.2894e-05,-0.00064531,0.0013069,-9.8227e-05,-0.0010354,0.0016586
0.0013529,-0.00081423,-0.00057028,-0.0007365,-3.232e-05,-5.9152e-05,-0.00052625,-0.00058777,-0.00052657,0.00025226,0.001025,-0.00050037,-0.00081423,0.0026944,-0.00058573,-0.00048084,-0.0006976,0.00031681,-8.3405e-05,0.00098047,0.00078336,-1.08e-05,-0.0010515,0.00031072,-0.00057028,-0.00058573,0.0027834,0.0022453,0.00058608,0.00013006,0.00014505,0.0015793,0.0009361,-0.0010413,-0.0017514,0.00048677,-0.0007365,-0.00048084,0.0022453,0.0041081,0.0016252,-0.00066221,0.00020025,0.0011901,0.00098176,-0.00038864,-0.00089951,-0.00053823,-3.232e-05,-0.0006976,0.00058608,0.0016252,0.0025695,-0.00028409,-0.00092589,0.00029863,0.00068097,0.00045162,-0.00073333,-0.00031028,-5.9152e-05,0.00031681,0.00013006,-0.00066221,-0.00028409,0.0032079,0.00057491,0.0012878,-0.00036836,-0.00011898,-0.0010273,-0.00050364,-0.00052625,-8.3405e-05,0.00014505,0.00020025,-0.00092589,0.00057491,0.0019947,0.00019628,0.00010883,-0.00030243,0.00063952,-3.4766e-05,-0.00058777,0.00098047,0.0015793,0.0011901,0.00029863,0.0012878,0.00019628,0.0038582,-0.00014586,-0.00090052,-0.0016168,-0.00068523,-0.00052657,0.00078336,0.0009361,0.00098176,0.00068097,-0.00036836,0.00010883,-0.00014586,0.0028535,-0.00019934,-0.001999,0.0013878,0.00025226,-1.08e-05,-0.0010413,-0.00038864,0.00045162,-0.00011898,-0.00030243,-0.00090052,-0.00019934,0.0019297,0.0014455,-0.0001042,0.001025,-0.0010515,-0.0017514,-0.00089951,-0.00073333,-0.0010273,0.00063952,-0.0016168,-0.001999,0.0014455,0.0045091,-0.0010996,-0.00050037,0.00031072,0.00048677,-0.00053823,-0.00031028,-0.00050364,-3.4766e-05,-0.00068523,0.0013878,-0.0001042,-0.0010996,0.0017609
0.0014213,-0.00085535,-0.00059914,-0.00077378,-3.3878e-05,-6.2072e-05,-0.00055304,-0.00061749,-0.00055321,0.00026502,0.0010768,-0.00052568,-0.00085535,0.0028309,-0.00061548,-0.00050549,-0.00073311,0.00033269,-8.7579e-05,0.0010299,0.00082309,-1.1298e-05,-0.0011046,0.00032664,-0.00059914,-0.00061548,0.0029246,0.0023592,0.00061576,0.00013671,0.00015246,0.0016593,0.00098372,-0.0010941,-0.0018402,0.00051156,-0.00077378,-0.00050549,0.0023592,0.0043164,0.0017077,-0.00069576,0.00021035,0.0012505,0.0010314,-0.00040827,-0.00094482,-0.00056555,-3.3878e-05,-0.00073311,0.00061576,0.0017077,0.0026999,-0.00029857,-0.00097286,0.00031381,0.00071537,0.00047453,-0.00077018,-0.00032615,-6.2072e-05,0.00033269,0.00013671,-0.00069576,-0.00029857,0.0033704,0.00060426,0.0013528,-0.00038695,-0.00012497,-0.0010794,-0.00052911,-0.00055304,-8.7579e-05,0.00015246,0.00021035,-0.00097286,0.00060426,0.0020958,0.00020637,0.00011442,-0.00031776,0.00067183,-3.6426e-05,-0.00061749,0.0010299,0.0016593,0.0012505,0.00031381,0.0013528,0.00020637,0.0040538,-0.00015344,-0.00094626,-0.0016983,-0.00072006,-0.00055321,0.00082309,0.00098372,0.0010314,0.00071537,-0.00038695,0.00011442,-0.00015344,0.0029983,-0.00020931,-0.0021005,0.0014585,0.00026502,-1.1298e-05,-0.0010941,-0.00040827,0.00047453,-0.00012497,-0.00031776,-0.00094626,-0.00020931,0.0020275,0.0015186,-0.00010943,0.0010768,-0.0011046,-0.0018402,-0.00094482,-0.00077018,-0.0010794,0.00067183,-0.0016983,-0.0021005,0.0015186,0.0047372,-0.0011556,-0.00052568,0.00032664,0.00051156,-0.00056555,-0.00032615,-0.00052911,-3.6426e-05,-0.00072006,0.0014585,-0.00010943,-0.0011556,0.0018502
0.0014798,-0.00089055,-0.00062382,-0.00080567,-3.5224e-05,-6.4581e-05,-0.00057593,-0.00064291,-0.000576,0.00027593,0.0011211,-0.00054734,-0.00089055,0.0029476,-0.00064091,-0.00052652,-0.00076346,0.00034629,-9.1157e-05,0.0010723,0.00085706,-1.1732e-05,-0.00115,0.00034022,-0.00062382,-0.00064091,0.0030453,0.0024566,0.00064114,0.00014238,0.00015879,0.0017278,0.0010244,-0.0011392,-0.0019161,0.00053274,-0.00080567,-0.00052652,0.0024566,0.0044946,0.0017783,-0.00072446,0.00021899,0.0013022,0.0010738,-0.00042506,-0.00098362,-0.00058891,-3.5224e-05,-0.00076346,0.00064114,0.0017783,0.0028114,-0.00031094,-0.001013,0.00032678,0.00074481,0.00049411,-0.00080174,-0.00033971,-6.4581e-05,0.00034629,0.00014238,-0.00072446,-0.00031094,0.0035094,0.00062933,0.0014084,-0.00040286,-0.0001301,-0.001124,-0.00055089,-0.00057593,-9.1157e-05,0.00015879,0.00021899,-0.001013,0.00062933,0.0021823,0.00021498,0.00011918,-0.00033087,0.00069948,-3.7862e-05,-0.00064291,0.0010723,0.0017278,0.0013022,0.00032678,0.0014084,0.00021498,0.004221,-0.00015989,-0.00098536,-0.0017681,-0.00074983,-0.000576,0.00085706,0.0010244,0.0010738,0.00074481,-0.00040286,0.00011918,-0.00015989,0.0031222,-0.00021785,-0.0021872,0.0015188,0.00027593,-1.1732e-05,-0.0011392,-0.00042506,0.00049411,-0.0001301,-0.00033087,-0.00098536,-0.00021785,0.0021111,0.0015812,-0.00011391,0.0011211,-0.00115,-0.0019161,-0.00098362,-0.00080174,-0.001124,0.00069948,-0.0017681,-0.0021872,0.0015812,0.0049324,-0.0012035,-0.00054734,0.00034022,0.00053274,-0.00058891,-0.00033971,-0.00055089,-3.7862e-05,-0.00074983,0.0015188,-0.00011391,-0.0012035,0.0019266
0.001529,-0.0009201,-0.00064455,-0.00083244,-3.6362e-05,-6.6696e-05,-0.00059513,-0.00066427,-0.00059514,0.0002851,0.0011583,-0.00056552,-0.0009201,0.0030456,-0.00066225,-0.00054415,-0.00078891,0.00035774,-9.4166e-05,0.0011078,0.00088558,-1.2101e-05,-0.0011882,0.00035161,-0.00064455,-0.00066225,0.0031467,0.0025384,0.00066246,0.00014714,0.00016409,0.0017853,0.0010585,-0.001177,-0.0019798,0.0005505,-0.00083244,-0.00054415,0.0025384,0.0046441,0.0018375,-0.00074855,0.00022625,0.0013455,0.0011095,-0.00043917,-0.0010162,-0.00060851,-3.6362e-05,-0.00078891,0.00066246,0.0018375,0.002905,-0.00032132,-0.0010467,0.00033767,0.00076954,0.00051055,-0.00082827,-0.00035107,-6.6696e-05,0.00035774,0.00014714,-0.00074855,-0.00032132,0.003626,0.00065035,0.0014552,-0.00041622,-0.00013441,-0.0011614,-0.00056919,-0.00059513,-9.4166e-05,0.00016409,0.00022625,-0.0010467,0.00065035,0.0022549,0.00022219,0.00012318,-0.00034188,0.0007227,-3.9079e-05,-0.00066427,0.0011078,0.0017853,0.0013455,0.00033767,0.0014552,0.00022219,0.0043614,-0.00016529,-0.0010182,-0.0018267,-0.00077481,-0.00059514,0.00088558,0.0010585,0.0011095,0.00076954,-0.00041622,0.00012318,-0.00016529,0.0032261,-0.00022503,-0.00226,0.0015694,0.0002851,-1.2101e-05,-0.001177,-0.00043917,0.00051055,-0.00013441,-0.00034188,-0.0010182,-0.00022503,0.0021813,0.0016337,-0.00011767,0.0011583,-0.0011882,-0.0019798,-0.0010162,-0.00082827,-0.0011614,0.0007227,-0.0018267,-0.00226,0.0016337,0.0050962,-0.0012436,-0.00056552,0.00035161,0.0005505,-0.00060851,-0.00035107,-0.00056919,-3.9079e-05,-0.00077481,0.0015694,-0.00011767,-0.0012436,0.0019907
0.0015696,-0.00094451,-0.00066166,-0.00085455,-3.7308e-05,-6.8448e-05,-0.00061098,-0.0006819,-0.00061094,0.00029267,0.001189,-0.00058054,-0.00094451,0.0031265,-0.00067987,-0.00055868,-0.00080992,0.0003672,-9.6654e-05,0.0011372,0.00090912,-1.241e-05,-0.0012197,0.000361,-0.00066166,-0.00067987,0.0032303,0.0026058,0.00068005,0.00015106,0.00016847,0.0018327,0.0010867,-0.0012083,-0.0020324,0.00056516,-0.00085455,-0.00055868,0.0026058,0.0047676,0.0018863,-0.00076843,0.00023225,0.0013813,0.001139,-0.00045082,-0.0010432,-0.00062469,-3.7308e-05,-0.00080992,0.00068005,0.0018863,0.0029822,-0.00032988,-0.0010746,0.00034665,0.00078996,0.00052412,-0.0008502,-0.00036043,-6.8448e-05,0.0003672,0.00015106,-0.00076843,-0.00032988,0.0037224,0.00066769,0.0014938,-0.00042726,-0.00013797,-0.0011923,-0.0005843,-0.00061098,-9.6654e-05,0.00016847,0.00023225,-0.0010746,0.00066769,0.0023148,0.00022814,0.00012647,-0.00035097,0.00074188,-4.0091e-05,-0.0006819,0.0011372,0.0018327,0.0013813,0.00034665,0.0014938,0.00022814,0.0044773,-0.00016973,-0.0010453,-0.0018751,-0.00079543,-0.00061094,0.00090912,0.0010867,0.001139,0.00078996,-0.00042726,0.00012647,-0.00016973,0.0033119,-0.00023098,-0.0023201,0.0016112,0.00029267,-1.241e-05,-0.0012083,-0.00045082,0.00052412,-0.00013797,-0.00035097,-0.0010453,-0.00023098,0.0022392,0.0016771,-0.00012079,0.001189,-0.0012197,-0.0020324,-0.0010432,-0.0008502,-0.0011923,0.00074188,-0.0018751,-0.0023201,0.0016771,0.0052315,-0.0012767,-0.00058054,0.000361,0.00056516,-0.00062469,-0.00036043,-0.0005843,-4.0091e-05,-0.00079543,0.0016112,-0.00012079,-0.0012767,0.0020436
0.0016026,-0.00096438,-0.00067559,-0.00087255,-3.8081e-05,-6.9877e-05,-0.00062386,-0.00069625,-0.0006238,0.00029883,0.001214,-0.00059276,-0.00096438,0.0031923,-0.0006942,-0.00057049,-0.000827,0.0003749,-9.8681e-05,0.0011611,0.00092827,-1.2663e-05,-0.0012454,0.00036863,-0.00067559,-0.0006942,0.0032984,0.0026607,0.00069437,0.00015425,0.00017203,0.0018713,0.0011096,-0.0012338,-0.0020752,0.00057708,-0.00087255,-0.00057049,0.0026607,0.004868,0.0019261,-0.00078462,0.00023714,0.0014104,0.0011629,-0.00046031,-0.0010651,-0.00063786,-3.8081e-05,-0.000827,0.00069437,0.0019261,0.003045,-0.00033684,-0.0010972,0.00035396,0.00080658,0.00053517,-0.00086805,-0.00036805,-6.9877e-05,0.0003749,0.00015425,-0.00078462,-0.00033684,0.0038007,0.00068179,0.0015252,-0.00043625,-0.00014087,-0.0012174,-0.00059659,-0.00062386,-9.8681e-05,0.00017203,0.00023714,-0.0010972,0.00068179,0.0023636,0.00023296,0.00012914,-0.00035836,0.00075749,-4.0919e-05,-0.00069625,0.0011611,0.0018713,0.0014104,0.00035396,0.0015252,0.00023296,0.0045716,-0.00017334,-0.0010673,-0.0019146,-0.0008122,-0.0006238,0.00092827,0.0011096,0.0011629,0.00080658,-0.00043625,0.00012914,-0.00017334,0.0033817,-0.00023582,-0.002369,0.0016452,0.00029883,-1.2663e-05,-0.0012338,-0.00046031,0.00053517,-0.00014087,-0.00035836,-0.0010673,-0.00023582,0.0022864,0.0017124,-0.00012332,0.001214,-0.0012454,-0.0020752,-0.0010651,-0.00086805,-0.0012174,0.00075749,-0.0019146,-0.002369,0.0017124,0.0053417,-0.0013037,-0.00059276,0.00036863,0.00057708,-0.00063786,-0.00036805,-0.00059659,-4.0919e-05,-0.0008122,0.0016452,-0.00012332,-0.0013037,0.0020866
0.0016291,-0.00098035,-0.00068678,-0.000887,-3.8704e-05,-7.1027e-05,-0.00063421,-0.00070778,-0.00063413,0.00030378,0.0012341,-0.00060257,-0.00098035,0.0032452,-0.0007057,-0.00057997,-0.00084072,0.0003811,-0.00010031,0.0011803,0.00094365,-1.2868e-05,-0.001266,0.00037475,-0.00068678,-0.0007057,0.0033531,0.0027048,0.00070587,0.00015681,0.00017488,0.0019023,0.001128,-0.0012542,-0.0021096,0.00058665,-0.000887,-0.00057997,0.0027048,0.0049487,0.001958,-0.00079761,0.00024106,0.0014338,0.0011822,-0.00046793,-0.0010827,-0.00064843,-3.8704e-05,-0.00084072,0.00070587,0.001958,0.0030955,-0.00034243,-0.0011154,0.00035983,0.00081993,0.00054403,-0.0008824,-0.00037416,-7.1027e-05,0.0003811,0.00015681,-0.00079761,-0.00034243,0.0038637,0.0006931,0.0015504,-0.00044347,-0.0001432,-0.0012376,-0.00060647,-0.00063421,-0.00010031,0.00017488,0.00024106,-0.0011154,0.0006931,0.0024027,0.00023684,0.00013129,-0.0003643,0.00077003,-4.1587e-05,-0.00070778,0.0011803,0.0019023,0.0014338,0.00035983,0.0015504,0.00023684,0.0046474,-0.00017623,-0.001085,-0.0019462,-0.00082566,-0.00063413,0.00094365,0.001128,0.0011822,0.00081993,-0.00044347,0.00013129,-0.00017623,0.0034377,-0.00023971,-0.0024082,0.0016725,0.00030378,-1.2868e-05,-0.0012542,-0.00046793,0.00054403,-0.0001432,-0.0003643,-0.001085,-0.00023971,0.0023243,0.0017408,-0.00012536,0.0012341,-0.001266,-0.0021096,-0.0010827,-0.0008824,-0.0012376,0.00077003,-0.0019462,-0.0024082,0.0017408,0.0054301,-0.0013253,-0.00060257,0.00037475,0.00058665,-0.00064843,-0.00037416,-0.00060647,-4.1587e-05,-0.00082566,0.0016725,-0.00012536,-0.0013253,0.0021212
0.0016502,-0.00099302,-0.00069566,-0.00089847,-3.92e-05,-7.1942e-05,-0.00064242,-0.00071693,-0.00064233,0.00030771,0.0012501,-0.00061036,-0.00099302,0.0032872,-0.00071483,-0.00058749,-0.0008516,0.00038601,-0.00010161,0.0011956,0.00095586,-1.3032e-05,-0.0012823,0.00037961,-0.00069566,-0.00071483,0.0033964,0.0027398,0.00071501,0.00015884,0.00017715,0.0019269,0.0011426,-0.0012704,-0.0021369,0.00059425,-0.00089847,-0.00058749,0.0027398,0.0050127,0.0019834,-0.00080793,0.00024417,0.0014523,0.0011975,-0.00047398,-0.0010967,-0.00065682,-3.92e-05,-0.0008516,0.00071501,0.0019834,0.0031356,-0.00034686,-0.0011298,0.00036448,0.00083053,0.00055107,-0.0008938,-0.00037901,-7.1942e-05,0.00038601,0.00015884,-0.00080793,-0.00034686,0.0039137,0.00070208,0.0015705,-0.0004492,-0.00014505,-0.0012536,-0.00061431,-0.00064242,-0.00010161,0.00017715,0.00024417,-0.0011298,0.00070208,0.0024338,0.00023991,0.00013299,-0.00036901,0.00077998,-4.2119e-05,-0.00071693,0.0011956,0.0019269,0.0014523,0.00036448,0.0015705,0.00023991,0.0047075,-0.00017852,-0.001099,-0.0019714,-0.00083635,-0.00064233,0.00095586,0.0011426,0.0011975,0.00083053,-0.0004492,0.00013299,-0.00017852,0.0034822,-0.00024281,-0.0024394,0.0016941,0.00030771,-1.3032e-05,-0.0012704,-0.00047398,0.00055107,-0.00014505,-0.00036901,-0.001099,-0.00024281,0.0023543,0.0017633,-0.00012698,0.0012501,-0.0012823,-0.0021369,-0.0010967,-0.0008938,-0.0012536,0.00077998,-0.0019714,-0.0024394,0.0017633,0.0055003,-0.0013425,-0.00061036,0.00037961,0.00059425,-0.00065682,-0.00037901,-0.00061431,-4.2119e-05,-0.00083635,0.0016941,-0.00012698,-0.0013425,0.0021486
0.0016667,-0.001003,-0.00070264,-0.00090748,-3.9591e-05,-7.2661e-05,-0.00064887,-0.00072412,-0.00064877,0.00031079,0.0012626,-0.00061649,-0.001003,0.0033201,-0.00072201,-0.00059339,-0.00086015,0.00038988,-0.00010262,0.0012076,0.00096545,-1.3161e-05,-0.0012952,0.00038342,-0.00070264,-0.00072201,0.0034305,0.0027673,0.00072218,0.00016044,0.00017893,0.0019463,0.0011541,-0.0012832,-0.0021583,0.00060022,-0.00090748,-0.00059339,0.0027673,0.005063,0.0020033,-0.00081604,0.00024662,0.0014669,0.0012095,-0.00047873,-0.0011077,-0.00066341,-3.9591e-05,-0.00086015,0.00072218,0.0020033,0.003167,-0.00035034,-0.0011411,0.00036814,0.00083886,0.0005566,-0.00090276,-0.00038282,-7.2661e-05,0.00038988,0.00016044,-0.00081604,-0.00035034,0.0039529,0.00070914,0.0015862,-0.0004537,-0.00014651,-0.0012662,-0.00062047,-0.00064887,-0.00010262,0.00017893,0.00024662,-0.0011411,0.00070914,0.0024582,0.00024232,0.00013433,-0.00037271,0.00078781,-4.2538e-05,-0.00072412,0.0012076,0.0019463,0.0014669,0.00036814,0.0015862,0.00024232,0.0047547,-0.00018032,-0.00111,-0.0019912,-0.00084475,-0.00064877,0.00096545,0.0011541,0.0012095,0.00083886,-0.0004537,0.00013433,-0.00018032,0.0035171,-0.00024524,-0.0024639,0.0017111,0.00031079,-1.3161e-05,-0.0012832,-0.00047873,0.0005566,-0.00014651,-0.00037271,-0.00111,-0.00024524,0.002378,0.001781,-0.00012825,0.0012626,-0.0012952,-0.0021583,-0.0011077,-0.00090276,-0.0012662,0.00078781,-0.0019912,-0.0024639,0.001781,0.0055555,-0.0013559,-0.00061649,0.00038342,0.00060022,-0.00066341,-0.00038282,-0.00062047,-4.2538e-05,-0.00084475,0.0017111,-0.00012825,-0.0013559,0.0021702
0.0016796,-0.0010107,-0.00070807,-0.0009145,-3.9895e-05,-7.3221e-05,-0.00065389,-0.00072972,-0.00065379,0.0003132,0.0012724,-0.00062125,-0.0010107,0.0033458,-0.00072759,-0.00059799,-0.00086681,0.00039289,-0.00010342,0.0012169,0.00097292,-1.3262e-05,-0.0013052,0.00038639,-0.00070807,-0.00072759,0.0034571,0.0027887,0.00072776,0.00016168,0.00018031,0.0019613,0.001163,-0.0012931,-0.002175,0.00060486,-0.0009145,-0.00059799,0.0027887,0.0051022,0.0020188,-0.00082235,0.00024853,0.0014782,0.0012188,-0.00048243,-0.0011162,-0.00066854,-3.9895e-05,-0.00086681,0.00072776,0.0020188,0.0031915,-0.00035305,-0.00115,0.00037099,0.00084534,0.00056091,-0.00090973,-0.00038578,-7.3221e-05,0.00039289,0.00016168,-0.00082235,-0.00035305,0.0039835,0.00071462,0.0015985,-0.00045721,-0.00014764,-0.001276,-0.00062527,-0.00065389,-0.00010342,0.00018031,0.00024853,-0.00115,0.00071462,0.0024772,0.0002442,0.00013537,-0.00037559,0.00079389,-4.2865e-05,-0.00072972,0.0012169,0.0019613,0.0014782,0.00037099,0.0015985,0.0002442,0.0047915,-0.00018171,-0.0011186,-0.0020065,-0.00085128,-0.00065379,0.00097292,0.001163,0.0012188,0.00084534,-0.00045721,0.00013537,-0.00018171,0.0035444,-0.00024713,-0.0024829,0.0017244,0.0003132,-1.3262e-05,-0.0012931,-0.00048243,0.00056091,-0.00014764,-0.00037559,-0.0011186,-0.00024713,0.0023963,0.0017947,-0.00012924,0.0012724,-0.0013052,-0.002175,-0.0011162,-0.00090973,-0.001276,0.00079389,-0.0020065,-0.0024829,0.0017947,0.0055985,-0.0013664,-0.00062125,0.00038639,0.00060486,-0.00066854,-0.00038578,-0.00062527,-4.2865e-05,-0.00085128,0.0017244,-0.00012924,-0.0013664,0.002187
0.0016896,-0.0010167,-0.00071226,-0.00091991,-4.013e-05,-7.3654e-05,-0.00065777,-0.00073404,-0.00065766,0.00031505,0.0012799,-0.00062493,-0.0010167,0.0033656,-0.0007319,-0.00060153,-0.00087194,0.00039522,-0.00010403,0.0012241,0.00097868,-1.334e-05,-0.0013129,0.00038868,-0.00071226,-0.0007319,0.0034775,0.0028052,0.00073207,0.00016264,0.00018138,0.0019729,0.0011699,-0.0013007,-0.0021879,0.00060844,-0.00091991,-0.00060153,0.0028052,0.0051324,0.0020307,-0.00082722,0.00025,0.001487,0.001226,-0.00048529,-0.0011229,-0.0006725,-4.013e-05,-0.00087194,0.00073207,0.0020307,0.0032104,-0.00035515,-0.0011568,0.00037319,0.00085035,0.00056423,-0.00091511,-0.00038807,-7.3654e-05,0.00039522,0.00016264,-0.00082722,-0.00035515,0.0040071,0.00071886,0.001608,-0.00045992,-0.00014851,-0.0012835,-0.00062897,-0.00065777,-0.00010403,0.00018138,0.00025,-0.0011568,0.00071886,0.0024919,0.00024565,0.00013617,-0.00037782,0.00079859,-4.3118e-05,-0.00073404,0.0012241,0.0019729,0.001487,0.00037319,0.001608,0.00024565,0.0048199,-0.00018279,-0.0011253,-0.0020184,-0.00085632,-0.00065766,0.00097868,0.0011699,0.001226,0.00085035,-0.00045992,0.00013617,-0.00018279,0.0035653,-0.00024859,-0.0024976,0.0017346,0.00031505,-1.334e-05,-0.0013007,-0.00048529,0.00056423,-0.00014851,-0.00037782,-0.0011253,-0.00024859,0.0024105,0.0018054,-0.00013001,0.0012799,-0.0013129,-0.0021879,-0.0011229,-0.00091511,-0.0012835,0.00079859,-0.0020184,-0.0024976,0.0018054,0.0056316,-0.0013745,-0.00062493,0.00038868,0.00060844,-0.0006725,-0.00038807,-0.00062897,-4.3118e-05,-0.00085632,0.0017346,-0.00013001,-0.0013745,0.0021999
0.0016972,-0.0010213,-0.00071547,-0.00092406,-4.0311e-05,-7.3985e-05,-0.00066073,-0.00073735,-0.00066062,0.00031647,0.0012857,-0.00062775,-0.0010213,0.0033808,-0.0007352,-0.00060425,-0.00087587,0.000397,-0.0001045,0.0012296,0.00098309,-1.34e-05,-0.0013189,0.00039043,-0.00071547,-0.0007352,0.0034932,0.0028179,0.00073537,0.00016337,0.0001822,0.0019818,0.0011752,-0.0013066,-0.0021978,0.00061119,-0.00092406,-0.00060425,0.0028179,0.0051555,0.0020399,-0.00083095,0.00025113,0.0014937,0.0012316,-0.00048747,-0.0011279,-0.00067553,-4.0311e-05,-0.00087587,0.00073537,0.0020399,0.0032249,-0.00035675,-0.001162,0.00037487,0.00085418,0.00056677,-0.00091924,-0.00038982,-7.3985e-05,0.000397,0.00016337,-0.00083095,-0.00035675,0.0040251,0.0007221,0.0016152,-0.00046199,-0.00014918,-0.0012893,-0.00063181,-0.00066073,-0.0001045,0.0001822,0.00025113,-0.001162,0.0007221,0.0025031,0.00024676,0.00013679,-0.00037952,0.00080219,-4.3311e-05,-0.00073735,0.0012296,0.0019818,0.0014937,0.00037487,0.0016152,0.00024676,0.0048416,-0.00018362,-0.0011303,-0.0020275,-0.00086018,-0.00066062,0.00098309,0.0011752,0.0012316,0.00085418,-0.00046199,0.00013679,-0.00018362,0.0035814,-0.00024971,-0.0025089,0.0017424,0.00031647,-1.34e-05,-0.0013066,-0.00048747,0.00056677,-0.00014918,-0.00037952,-0.0011303,-0.00024971,0.0024214,0.0018135,-0.00013059,0.0012857,-0.0013189,-0.0021978,-0.0011279,-0.00091924,-0.0012893,0.00080219,-0.0020275,-0.0025089,0.0018135,0.005657,-0.0013807,-0.00062775,0.00039043,0.00061119,-0.00067553,-0.00038982,-0.00063181,-4.3311e-05,-0.00086018,0.0017424,-0.00013059,-0.0013807,0.0022099
0.001703,-0.0010248,-0.00071791,-0.00092721,-4.0448e-05,-7.4237e-05,-0.00066299,-0.00073986,-0.00066288,0.00031755,0.0012901,-0.00062989,-0.0010248,0.0033923,-0.00073771,-0.00060631,-0.00087886,0.00039835,-0.00010485,0.0012338,0.00098645,-1.3445e-05,-0.0013234,0.00039177,-0.00071791,-0.00073771,0.0035051,0.0028275,0.00073788,0.00016393,0.00018282,0.0019886,0.0011792,-0.0013111,-0.0022052,0.00061327,-0.00092721,-0.00060631,0.0028275,0.0051731,0.0020468,-0.00083378,0.00025198,0.0014988,0.0012358,-0.00048914,-0.0011318,-0.00067784,-4.0448e-05,-0.00087886,0.00073788,0.0020468,0.0032359,-0.00035796,-0.001166,0.00037615,0.00085709,0.0005687,-0.00092237,-0.00039115,-7.4237e-05,0.00039835,0.00016393,-0.00083378,-0.00035796,0.0040389,0.00072456,0.0016207,-0.00046356,-0.00014969,-0.0012937,-0.00063396,-0.00066299,-0.00010485,0.00018282,0.00025198,-0.001166,0.00072456,0.0025117,0.0002476,0.00013725,-0.00038082,0.00080493,-4.3459e-05,-0.00073986,0.0012338,0.0019886,0.0014988,0.00037615,0.0016207,0.0002476,0.0048581,-0.00018424,-0.0011342,-0.0020344,-0.00086312,-0.00066288,0.00098645,0.0011792,0.0012358,0.00085709,-0.00046356,0.00013725,-0.00018424,0.0035936,-0.00025056,-0.0025174,0.0017484,0.00031755,-1.3445e-05,-0.0013111,-0.00048914,0.0005687,-0.00014969,-0.00038082,-0.0011342,-0.00025056,0.0024297,0.0018197,-0.00013104,0.0012901,-0.0013234,-0.0022052,-0.0011318,-0.00092237,-0.0012937,0.00080493,-0.0020344,-0.0025174,0.0018197,0.0056763,-0.0013854,-0.00062989,0.00039177,0.00061327,-0.00067784,-0.00039115,-0.00063396,-4.3459e-05,-0.00086312,0.0017484,-0.00013104,-0.0013854,0.0022174
0.0017073,-0.0010274,-0.00071976,-0.00092959,-4.0552e-05,-7.4428e-05,-0.00066469,-0.00074176,-0.00066458,0.00031836,0.0012934,-0.00063151,-0.0010274,0.003401,-0.0007396,-0.00060786,-0.00088112,0.00039937,-0.00010512,0.001237,0.00098898,-1.3479e-05,-0.0013268,0.00039277,-0.00071976,-0.0007396,0.0035141,0.0028348,0.00073977,0.00016435,0.00018329,0.0019937,0.0011822,-0.0013144,-0.0022109,0.00061485,-0.00092959,-0.00060786,0.0028348,0.0051864,0.0020521,-0.00083592,0.00025263,0.0015026,0.0012389,-0.00049039,-0.0011347,-0.00067958,-4.0552e-05,-0.00088112,0.00073977,0.0020521,0.0032442,-0.00035888,-0.0011689,0.00037711,0.00085929,0.00057016,-0.00092474,-0.00039215,-7.4428e-05,0.00039937,0.00016435,-0.00083592,-0.00035888,0.0040492,0.00072642,0.0016249,-0.00046475,-0.00015008,-0.001297,-0.00063559,-0.00066469,-0.00010512,0.00018329,0.00025263,-0.0011689,0.00072642,0.0025181,0.00024823,0.00013761,-0.00038179,0.000807,-4.357e-05,-0.00074176,0.001237,0.0019937,0.0015026,0.00037711,0.0016249,0.00024823,0.0048706,-0.00018472,-0.0011371,-0.0020396,-0.00086533,-0.00066458,0.00098898,0.0011822,0.0012389,0.00085929,-0.00046475,0.00013761,-0.00018472,0.0036029,-0.00025121,-0.0025239,0.0017529,0.00031836,-1.3479e-05,-0.0013144,-0.00049039,0.00057016,-0.00015008,-0.00038179,-0.0011371,-0.00025121,0.0024359,0.0018244,-0.00013137,0.0012934,-0.0013268,-0.0022109,-0.0011347,-0.00092474,-0.001297,0.000807,-0.0020396,-0.0025239,0.0018244,0.0056909,-0.001389,-0.00063151,0.00039277,0.00061485,-0.00067958,-0.00039215,-0.00063559,-4.357e-05,-0.00086533,0.0017529,-0.00013137,-0.001389,0.0022231
0.0017106,-0.0010294,-0.00072114,-0.00093138,-4.0629e-05,-7.457e-05,-0.00066596,-0.00074319,-0.00066585,0.00031898,0.0012959,-0.00063272,-0.0010294,0.0034076,-0.00074102,-0.00060903,-0.00088281,0.00040014,-0.00010532,0.0012394,0.00099088,-1.3505e-05,-0.0013293,0.00039353,-0.00072114,-0.00074102,0.0035209,0.0028402,0.00074119,0.00016466,0.00018364,0.0019975,0.0011845,-0.0013169,-0.0022152,0.00061603,-0.00093138,-0.00060903,0.0028402,0.0051963,0.002056,-0.00083753,0.00025311,0.0015055,0.0012413,-0.00049133,-0.0011368,-0.00068088,-4.0629e-05,-0.00088281,0.00074119,0.002056,0.0032504,-0.00035957,-0.0011712,0.00037784,0.00086094,0.00057126,-0.00092651,-0.00039291,-7.457e-05,0.00040014,0.00016466,-0.00083753,-0.00035957,0.004057,0.00072782,0.001628,-0.00046565,-0.00015036,-0.0012995,-0.00063681,-0.00066596,-0.00010532,0.00018364,0.00025311,-0.0011712,0.00072782,0.002523,0.00024871,0.00013787,-0.00038253,0.00080854,-4.3653e-05,-0.00074319,0.0012394,0.0019975,0.0015055,0.00037784,0.001628,0.00024871,0.0048799,-0.00018507,-0.0011393,-0.0020436,-0.00086699,-0.00066585,0.00099088,0.0011845,0.0012413,0.00086094,-0.00046565,0.00013787,-0.00018507,0.0036098,-0.00025169,-0.0025287,0.0017562,0.00031898,-1.3505e-05,-0.0013169,-0.00049133,0.00057126,-0.00015036,-0.00038253,-0.0011393,-0.00025169,0.0024406,0.0018279,-0.00013163,0.0012959,-0.0013293,-0.0022152,-0.0011368,-0.00092651,-0.0012995,0.00080854,-0.0020436,-0.0025287,0.0018279,0.0057018,-0.0013917,-0.00063272,0.00039353,0.00061603,-0.00068088,-0.00039291,-0.00063681,-4.3653e-05,-0.00086699,0.0017562,-0.00013163,-0.0013917,0.0022274
0.0017131,-0.0010309,-0.00072217,-0.00093271,-4.0687e-05,-7.4677e-05,-0.00066691,-0.00074425,-0.0006668,0.00031943,0.0012977,-0.00063362,-0.0010309,0.0034124,-0.00074208,-0.0006099,-0.00088407,0.00040071,-0.00010547,0.0012411,0.00099229,-1.3525e-05,-0.0013312,0.00039409,-0.00072217,-0.00074208,0.0035259,0.0028443,0.00074225,0.0001649,0.0001839,0.0020004,0.0011862,-0.0013188,-0.0022183,0.00061691,-0.00093271,-0.0006099,0.0028443,0.0052038,0.002059,-0.00083872,0.00025348,0.0015077,0.0012431,-0.00049203,-0.0011385,-0.00068186,-4.0687e-05,-0.00088407,0.00074225,0.002059,0.0032551,-0.00036009,-0.0011729,0.00037838,0.00086217,0.00057208,-0.00092784,-0.00039347,-7.4677e-05,0.00040071,0.0001649,-0.00083872,-0.00036009,0.0040628,0.00072886,0.0016303,-0.00046631,-0.00015058,-0.0013014,-0.00063772,-0.00066691,-0.00010547,0.0001839,0.00025348,-0.0011729,0.00072886,0.0025266,0.00024907,0.00013807,-0.00038307,0.0008097,-4.3716e-05,-0.00074425,0.0012411,0.0020004,0.0015077,0.00037838,0.0016303,0.00024907,0.0048869,-0.00018534,-0.0011409,-0.0020465,-0.00086823,-0.0006668,0.00099229,0.0011862,0.0012431,0.00086217,-0.00046631,0.00013807,-0.00018534,0.0036149,-0.00025205,-0.0025324,0.0017587,0.00031943,-1.3525e-05,-0.0013188,-0.00049203,0.00057208,-0.00015058,-0.00038307,-0.0011409,-0.00025205,0.0024441,0.0018305,-0.00013181,0.0012977,-0.0013312,-0.0022183,-0.0011385,-0.00092784,-0.0013014,0.0008097,-0.0020465,-0.0025324,0.0018305,0.0057099,-0.0013937,-0.00063362,0.00039409,0.00061691,-0.00068186,-0.00039347,-0.00063772,-4.3716e-05,-0.00086823,0.0017587,-0.00013181,-0.0013937,0.0022305
0.0017149,-0.0010319,-0.00072293,-0.00093369,-4.073e-05,-7.4756e-05,-0.00066762,-0.00074504,-0.00066751,0.00031977,0.0012991,-0.00063429,-0.0010319,0.003416,-0.00074287,-0.00061055,-0.00088501,0.00040114,-0.00010558,0.0012424,0.00099334,-1.3539e-05,-0.0013326,0.0003945,-0.00072293,-0.00074287,0.0035296,0.0028473,0.00074304,0.00016507,0.0001841,0.0020025,0.0011874,-0.0013202,-0.0022207,0.00061756,-0.00093369,-0.00061055,0.0028473,0.0052093,0.0020611,-0.00083961,0.00025374,0.0015093,0.0012444,-0.00049255,-0.0011397,-0.00068258,-4.073e-05,-0.00088501,0.00074304,0.0020611,0.0032585,-0.00036047,-0.0011741,0.00037878,0.00086308,0.00057268,-0.00092882,-0.00039388,-7.4756e-05,0.00040114,0.00016507,-0.00083961,-0.00036047,0.0040671,0.00072963,0.001632,-0.0004668,-0.00015074,-0.0013028,-0.00063839,-0.00066762,-0.00010558,0.0001841,0.00025374,-0.0011741,0.00072963,0.0025292,0.00024933,0.00013821,-0.00038348,0.00081056,-4.3762e-05,-0.00074504,0.0012424,0.0020025,0.0015093,0.00037878,0.001632,0.00024933,0.0048921,-0.00018553,-0.0011421,-0.0020486,-0.00086915,-0.00066751,0.00099334,0.0011874,0.0012444,0.00086308,-0.0004668,0.00013821,-0.00018553,0.0036188,-0.00025231,-0.002535,0.0017606,0.00031977,-1.3539e-05,-0.0013202,-0.00049255,0.00057268,-0.00015074,-0.00038348,-0.0011421,-0.00025231,0.0024466,0.0018324,-0.00013195,0.0012991,-0.0013326,-0.0022207,-0.0011397,-0.00092882,-0.0013028,0.00081056,-0.0020486,-0.002535,0.0018324,0.005716,-0.0013951,-0.00063429,0.0003945,0.00061756,-0.00068258,-0.00039388,-0.00063839,-4.3762e-05,-0.00086915,0.0017606,-0.00013195,-0.0013951,0.0022329
0.0017162,-0.0010327,-0.00072349,-0.00093442,-4.0762e-05,-7.4814e-05,-0.00066814,-0.00074562,-0.00066803,0.00032002,0.0013001,-0.00063479,-0.0010327,0.0034187,-0.00074345,-0.00061102,-0.00088569,0.00040145,-0.00010567,0.0012434,0.00099411,-1.3549e-05,-0.0013336,0.00039481,-0.00072349,-0.00074345,0.0035324,0.0028495,0.00074362,0.0001652,0.00018424,0.0020041,0.0011884,-0.0013212,-0.0022224,0.00061804,-0.00093442,-0.00061102,0.0028495,0.0052133,0.0020627,-0.00084026,0.00025394,0.0015104,0.0012454,-0.00049294,-0.0011406,-0.00068311,-4.0762e-05,-0.00088569,0.00074362,0.0020627,0.0032611,-0.00036075,-0.001175,0.00037907,0.00086376,0.00057313,-0.00092954,-0.00039419,-7.4814e-05,0.00040145,0.0001652,-0.00084026,-0.00036075,0.0040703,0.0007302,0.0016333,-0.00046717,-0.00015085,-0.0013038,-0.00063889,-0.00066814,-0.00010567,0.00018424,0.00025394,-0.001175,0.0007302,0.0025312,0.00024952,0.00013832,-0.00038378,0.00081119,-4.3796e-05,-0.00074562,0.0012434,0.0020041,0.0015104,0.00037907,0.0016333,0.00024952,0.0048959,-0.00018568,-0.001143,-0.0020502,-0.00086983,-0.00066803,0.00099411,0.0011884,0.0012454,0.00086376,-0.00046717,0.00013832,-0.00018568,0.0036216,-0.00025251,-0.002537,0.001762,0.00032002,-1.3549e-05,-0.0013212,-0.00049294,0.00057313,-0.00015085,-0.00038378,-0.001143,-0.00025251,0.0024485,0.0018338,-0.00013206,0.0013001,-0.0013336,-0.0022224,-0.0011406,-0.00092954,-0.0013038,0.00081119,-0.0020502,-0.002537,0.0018338,0.0057204,-0.0013962,-0.00063479,0.00039481,0.00061804,-0.00068311,-0.00039419,-0.00063889,-4.3796e-05,-0.00086983,0.001762,-0.00013206,-0.0013962,0.0022346
0.0017172,-0.0010333,-0.00072391,-0.00093495,-4.0785e-05,-7.4857e-05,-0.00066852,-0.00074604,-0.00066841,0.0003202,0.0013008,-0.00063515,-0.0010333,0.0034206,-0.00074387,-0.00061137,-0.0008862,0.00040168,-0.00010573,0.0012441,0.00099468,-1.3557e-05,-0.0013344,0.00039504,-0.00072391,-0.00074387,0.0035344,0.0028511,0.00074404,0.0001653,0.00018435,0.0020052,0.001189,-0.001322,-0.0022237,0.00061839,-0.00093495,-0.00061137,0.0028511,0.0052163,0.0020639,-0.00084074,0.00025409,0.0015113,0.0012461,-0.00049322,-0.0011412,-0.0006835,-4.0785e-05,-0.0008862,0.00074404,0.0020639,0.0032629,-0.00036095,-0.0011757,0.00037929,0.00086425,0.00057345,-0.00093007,-0.00039441,-7.4857e-05,0.00040168,0.0001653,-0.00084074,-0.00036095,0.0040726,0.00073061,0.0016342,-0.00046743,-0.00015094,-0.0013045,-0.00063925,-0.00066852,-0.00010573,0.00018435,0.00025409,-0.0011757,0.00073061,0.0025326,0.00024966,0.0001384,-0.000384,0.00081165,-4.3821e-05,-0.00074604,0.0012441,0.0020052,0.0015113,0.00037929,0.0016342,0.00024966,0.0048987,-0.00018578,-0.0011437,-0.0020514,-0.00087032,-0.00066841,0.00099468,0.001189,0.0012461,0.00086425,-0.00046743,0.0001384,-0.00018578,0.0036236,-0.00025265,-0.0025385,0.001763,0.0003202,-1.3557e-05,-0.001322,-0.00049322,0.00057345,-0.00015094,-0.000384,-0.0011437,-0.00025265,0.0024499,0.0018349,-0.00013213,0.0013008,-0.0013344,-0.0022237,-0.0011412,-0.00093007,-0.0013045,0.00081165,-0.0020514,-0.0025385,0.0018349,0.0057237,-0.001397,-0.00063515,0.00039504,0.00061839,-0.0006835,-0.00039441,-0.00063925,-4.3821e-05,-0.00087032,0.001763,-0.00013213,-0.001397,0.0022359
0.0017179,-0.0010338,-0.00072421,-0.00093534,-4.0802e-05,-7.4888e-05,-0.0006688,-0.00074635,-0.00066869,0.00032033,0.0013014,-0.00063541,-0.0010338,0.0034221,-0.00074418,-0.00061162,-0.00088657,0.00040184,-0.00010577,0.0012446,0.00099509,-1.3563e-05,-0.001335,0.0003952,-0.00072421,-0.00074418,0.0035358,0.0028523,0.00074435,0.00016537,0.00018442,0.002006,0.0011895,-0.0013225,-0.0022246,0.00061865,-0.00093534,-0.00061162,0.0028523,0.0052185,0.0020648,-0.00084109,0.00025419,0.0015119,0.0012466,-0.00049342,-0.0011417,-0.00068378,-4.0802e-05,-0.00088657,0.00074435,0.0020648,0.0032643,-0.0003611,-0.0011762,0.00037944,0.00086461,0.00057369,-0.00093045,-0.00039458,-7.4888e-05,0.00040184,0.00016537,-0.00084109,-0.0003611,0.0040743,0.00073092,0.0016349,-0.00046763,-0.000151,-0.0013051,-0.00063952,-0.0006688,-0.00010577,0.00018442,0.00025419,-0.0011762,0.00073092,0.0025337,0.00024977,0.00013846,-0.00038415,0.00081198,-4.3839e-05,-0.00074635,0.0012446,0.002006,0.0015119,0.00037944,0.0016349,0.00024977,0.0049007,-0.00018586,-0.0011441,-0.0020523,-0.00087068,-0.00066869,0.00099509,0.0011895,0.0012466,0.00086461,-0.00046763,0.00013846,-0.00018586,0.0036251,-0.00025276,-0.0025395,0.0017637,0.00032033,-1.3563e-05,-0.0013225,-0.00049342,0.00057369,-0.000151,-0.00038415,-0.0011441,-0.00025276,0.002451,0.0018356,-0.00013219,0.0013014,-0.001335,-0.0022246,-0.0011417,-0.00093045,-0.0013051,0.00081198,-0.0020523,-0.0025395,0.0018356,0.005726,-0.0013976,-0.00063541,0.0003952,0.00061865,-0.00068378,-0.00039458,-0.00063952,-4.3839e-05,-0.00087068,0.0017637,-0.00013219,-0.0013976,0.0022368
0.0017184,-0.0010341,-0.00072442,-0.00093562,-4.0814e-05,-7.491e-05,-0.000669,-0.00074657,-0.00066889,0.00032043,0.0013018,-0.0006356,-0.0010341,0.0034231,-0.0007444,-0.00061181,-0.00088683,0.00040196,-0.0001058,0.001245,0.00099539,-1.3567e-05,-0.0013354,0.00039532,-0.00072442,-0.0007444,0.0035369,0.0028531,0.00074457,0.00016541,0.00018448,0.0020066,0.0011899,-0.0013229,-0.0022252,0.00061883,-0.00093562,-0.00061181,0.0028531,0.00522,0.0020654,-0.00084134,0.00025427,0.0015124,0.001247,-0.00049357,-0.001142,-0.00068398,-4.0814e-05,-0.00088683,0.00074457,0.0020654,0.0032652,-0.00036121,-0.0011765,0.00037956,0.00086487,0.00057386,-0.00093073,-0.0003947,-7.491e-05,0.00040196,0.00016541,-0.00084134,-0.00036121,0.0040755,0.00073113,0.0016354,-0.00046777,-0.00015105,-0.0013055,-0.00063971,-0.000669,-0.0001058,0.00018448,0.00025427,-0.0011765,0.00073113,0.0025344,0.00024984,0.0001385,-0.00038427,0.00081223,-4.3852e-05,-0.00074657,0.001245,0.0020066,0.0015124,0.00037956,0.0016354,0.00024984,0.0049022,-0.00018592,-0.0011445,-0.0020529,-0.00087094,-0.00066889,0.00099539,0.0011899,0.001247,0.00086487,-0.00046777,0.0001385,-0.00018592,0.0036262,-0.00025284,-0.0025403,0.0017642,0.00032043,-1.3567e-05,-0.0013229,-0.00049357,0.00057386,-0.00015105,-0.00038427,-0.0011445,-0.00025284,0.0024517,0.0018362,-0.00013223,0.0013018,-0.0013354,-0.0022252,-0.001142,-0.00093073,-0.0013055,0.00081223,-0.0020529,-0.0025403,0.0018362,0.0057278,-0.001398,-0.0006356,0.00039532,0.00061883,-0.00068398,-0.0003947,-0.00063971,-4.3852e-05,-0.00087094,0.0017642,-0.00013223,-0.001398,0.0022375
0.0017188,-0.0010343,-0.00072458,-0.00093582,-4.0823e-05,-7.4926e-05,-0.00066914,-0.00074673,-0.00066903,0.0003205,0.001302,-0.00063574,-0.0010343,0.0034238,-0.00074456,-0.00061194,-0.00088702,0.00040205,-0.00010583,0.0012453,0.00099561,-1.357e-05,-0.0013356,0.0003954,-0.00072458,-0.00074456,0.0035377,0.0028538,0.00074473,0.00016545,0.00018452,0.0020071,0.0011902,-0.0013232,-0.0022257,0.00061897,-0.00093582,-0.00061194,0.0028538,0.0052212,0.0020658,-0.00084152,0.00025432,0.0015127,0.0012472,-0.00049368,-0.0011423,-0.00068413,-4.0823e-05,-0.00088702,0.00074473,0.0020658,0.0032659,-0.00036129,-0.0011768,0.00037964,0.00086505,0.00057399,-0.00093093,-0.00039478,-7.4926e-05,0.00040205,0.00016545,-0.00084152,-0.00036129,0.0040764,0.00073129,0.0016358,-0.00046787,-0.00015108,-0.0013057,-0.00063985,-0.00066914,-0.00010583,0.00018452,0.00025432,-0.0011768,0.00073129,0.002535,0.0002499,0.00013853,-0.00038435,0.0008124,-4.3862e-05,-0.00074673,0.0012453,0.0020071,0.0015127,0.00037964,0.0016358,0.0002499,0.0049032,-0.00018596,-0.0011447,-0.0020533,-0.00087113,-0.00066903,0.00099561,0.0011902,0.0012472,0.00086505,-0.00046787,0.00013853,-0.00018596,0.003627,-0.00025289,-0.0025408,0.0017646,0.0003205,-1.357e-05,-0.0013232,-0.00049368,0.00057399,-0.00015108,-0.00038435,-0.0011447,-0.00025289,0.0024522,0.0018366,-0.00013225,0.001302,-0.0013356,-0.0022257,-0.0011423,-0.00093093,-0.0013057,0.0008124,-0.0020533,-0.0025408,0.0018366,0.005729,-0.0013983,-0.00063574,0.0003954,0.00061897,-0.00068413,-0.00039478,-0.00063985,-4.3862e-05,-0.00087113,0.0017646,-0.00013225,-0.0013983,0.002238
0.001719,-0.0010345,-0.00072469,-0.00093597,-4.083e-05,-7.4938e-05,-0.00066925,-0.00074685,-0.00066913,0.00032055,0.0013022,-0.00063584,-0.0010345,0.0034244,-0.00074468,-0.00061203,-0.00088716,0.00040211,-0.00010584,0.0012455,0.00099576,-1.3572e-05,-0.0013359,0.00039547,-0.00072469,-0.00074468,0.0035382,0.0028542,0.00074485,0.00016548,0.00018455,0.0020074,0.0011903,-0.0013234,-0.0022261,0.00061906,-0.00093597,-0.00061203,0.0028542,0.005222,0.0020662,-0.00084165,0.00025436,0.0015129,0.0012474,-0.00049375,-0.0011424,-0.00068424,-4.083e-05,-0.00088716,0.00074485,0.0020662,0.0032665,-0.00036134,-0.001177,0.0003797,0.00086519,0.00057407,-0.00093108,-0.00039484,-7.4938e-05,0.00040211,0.00016548,-0.00084165,-0.00036134,0.004077,0.00073141,0.001636,-0.00046794,-0.0001511,-0.0013059,-0.00063995,-0.00066925,-0.00010584,0.00018455,0.00025436,-0.001177,0.00073141,0.0025354,0.00024994,0.00013855,-0.00038441,0.00081253,-4.3868e-05,-0.00074685,0.0012455,0.0020074,0.0015129,0.0003797,0.001636,0.00024994,0.004904,-0.00018599,-0.0011449,-0.0020536,-0.00087127,-0.00066913,0.00099576,0.0011903,0.0012474,0.00086519,-0.00046794,0.00013855,-0.00018599,0.0036276,-0.00025293,-0.0025412,0.0017649,0.00032055,-1.3572e-05,-0.0013234,-0.00049375,0.00057407,-0.0001511,-0.00038441,-0.0011449,-0.00025293,0.0024526,0.0018369,-0.00013227,0.0013022,-0.0013359,-0.0022261,-0.0011424,-0.00093108,-0.0013059,0.00081253,-0.0020536,-0.0025412,0.0018369,0.0057299,-0.0013985,-0.00063584,0.00039547,0.00061906,-0.00068424,-0.00039484,-0.00063995,-4.3868e-05,-0.00087127,0.0017649,-0.00013227,-0.0013985,0.0022383
