0.00055572,-0.00037368,-0.00025148,5.3416e-05,-0.00025134,-0.00023525,0.00030523,-0.00067518,-0.00027988,-0.00020509,-0.00047071,-0.00018049,-0.00037368,0.0021108,0.00037436,-0.00079256,0.0021003,0.00073098,-0.0010997,0.0020389,0.0008648,-0.0008764,0.001822,0.0011949,-0.00025148,0.00037436,0.00091337,-0.00053779,0.00035824,0.00026851,8.866e-05,-8.2675e-05,0.00023535,3.4551e-05,0.00021346,0.00039178,5.3416e-05,-0.00079256,-0.00053779,0.0011784,-0.0014419,-0.00058558,0.00054485,-0.00084161,-0.00069988,0.00079181,-0.00099757,-0.00076475,-0.00025134,0.0021003,0.00035824,-0.0014419,0.0040323,0.00064787,-0.0018709,0.0033059,0.0014578,-0.0018794,0.0027545,0.0016457,-0.00023525,0.00073098,0.00026851,-0.00058558,0.00064787,0.00089907,-0.00047174,0.00059316,0.00099886,-0.00059042,0.00097863,0.00085629,0.00030523,-0.0010997,8.866e-05,0.00054485,-0.0018709,-0.00047174,0.0015463,-0.0017246,-0.00079338,0.00073161,-0.0016353,-0.00047192,-0.00067518,0.0020389,-8.2675e-05,-0.00084161,0.0033059,0.00059316,-0.0017246,0.0039955,0.0013167,-0.0015053,0.0029668,0.0012747,-0.00027988,0.0008648,0.00023535,-0.00069988,0.0014578,0.00099886,-0.00079338,0.0013167,0.0021545,-0.0012252,0.0012232,0.0016033,-0.00020509,-0.0008764,3.4551e-05,0.00079181,-0.0018794,-0.00059042,0.00073161,-0.0015053,-0.0012252,0.0016914,-0.001403,-0.0010887,-0.00047071,0.001822,0.00021346,-0.00099757,0.0027545,0.00097863,-0.0016353,0.0029668,0.0012232,-0.001403,0.0039962,0.0010253,-0.00018049,0.0011949,0.00039178,-0.00076475,0.0016457,0.00085629,-0.00047192,0.0012747,0.0016033,-0.0010887,0.0010253,0.0018468
0.00055591,-0.0003738,-0.00025156,5.3434e-05,-0.00025142,-0.00023533,0.00030533,-0.0006754,-0.00027997,-0.00020515,-0.00047087,-0.00018055,-0.0003738,0.0021115,0.00037448,-0.00079283,0.002101,0.00073122,-0.0011001,0.0020395,0.00086508,-0.00087669,0.0018226,0.0011953,-0.00025156,0.00037448,0.00091367,-0.00053797,0.00035835,0.0002686,8.869e-05,-8.2702e-05,0.00023543,3.4562e-05,0.00021353,0.00039191,5.3434e-05,-0.00079283,-0.00053797,0.0011788,-0.0014424,-0.00058578,0.00054503,-0.00084188,-0.00070011,0.00079207,-0.0009979,-0.000765,-0.00025142,0.002101,0.00035835,-0.0014424,0.0040337,0.00064808,-0.0018715,0.003307,0.0014582,-0.0018801,0.0027554,0.0016462,-0.00023533,0.00073122,0.0002686,-0.00058578,0.00064808,0.00089937,-0.0004719,0.00059335,0.00099919,-0.00059062,0.00097895,0.00085657,0.00030533,-0.0011001,8.869e-05,0.00054503,-0.0018715,-0.0004719,0.0015468,-0.0017252,-0.00079364,0.00073185,-0.0016358,-0.00047208,-0.0006754,0.0020395,-8.2702e-05,-0.00084188,0.003307,0.00059335,-0.0017252,0.0039968,0.0013172,-0.0015058,0.0029677,0.0012751,-0.00027997,0.00086508,0.00023543,-0.00070011,0.0014582,0.00099919,-0.00079364,0.0013172,0.0021552,-0.0012257,0.0012236,0.0016038,-0.00020515,-0.00087669,3.4562e-05,0.00079207,-0.0018801,-0.00059062,0.00073185,-0.0015058,-0.0012257,0.0016919,-0.0014035,-0.001089,-0.00047087,0.0018226,0.00021353,-0.0009979,0.0027554,0.00097895,-0.0016358,0.0029677,0.0012236,-0.0014035,0.0039976,0.0010256,-0.00018055,0.0011953,0.00039191,-0.000765,0.0016462,0.00085657,-0.00047208,0.0012751,0.0016038,-0.001089,0.0010256,0.0018475
0.00055608,-0.00037391,-0.00025164,5.345e-05,-0.0002515,-0.0002354,0.00030542,-0.0006756,-0.00028006,-0.00020522,-0.00047101,-0.00018061,-0.00037391,0.0021122,0.0003746,-0.00079307,0.0021016,0.00073144,-0.0011004,0.0020402,0.00086534,-0.00087695,0.0018232,0.0011957,-0.00025164,0.0003746,0.00091395,-0.00053813,0.00035846,0.00026868,8.8717e-05,-8.2727e-05,0.0002355,3.4572e-05,0.00021359,0.00039203,5.345e-05,-0.00079307,-0.00053813,0.0011791,-0.0014429,-0.00058595,0.0005452,-0.00084214,-0.00070032,0.00079231,-0.0009982,-0.00076524,-0.0002515,0.0021016,0.00035846,-0.0014429,0.0040349,0.00064828,-0.0018721,0.003308,0.0014587,-0.0018806,0.0027562,0.0016467,-0.0002354,0.00073144,0.00026868,-0.00058595,0.00064828,0.00089964,-0.00047204,0.00059353,0.0009995,-0.0005908,0.00097925,0.00085683,0.00030542,-0.0011004,8.8717e-05,0.0005452,-0.0018721,-0.00047204,0.0015473,-0.0017257,-0.00079388,0.00073207,-0.0016363,-0.00047222,-0.0006756,0.0020402,-8.2727e-05,-0.00084214,0.003308,0.00059353,-0.0017257,0.0039981,0.0013176,-0.0015062,0.0029686,0.0012755,-0.00028006,0.00086534,0.0002355,-0.00070032,0.0014587,0.0009995,-0.00079388,0.0013176,0.0021558,-0.001226,0.001224,0.0016043,-0.00020522,-0.00087695,3.4572e-05,0.00079231,-0.0018806,-0.0005908,0.00073207,-0.0015062,-0.001226,0.0016924,-0.0014039,-0.0010894,-0.00047101,0.0018232,0.00021359,-0.0009982,0.0027562,0.00097925,-0.0016363,0.0029686,0.001224,-0.0014039,0.0039988,0.0010259,-0.00018061,0.0011957,0.00039203,-0.00076524,0.0016467,0.00085683,-0.00047222,0.0012755,0.0016043,-0.0010894,0.0010259,0.001848
0.00055623,-0.00037402,-0.00025171,5.3465e-05,-0.00025157,-0.00023546,0.00030551,-0.00067579,-0.00028013,-0.00020527,-0.00047114,-0.00018066,-0.00037402,0.0021128,0.0003747,-0.00079329,0.0021022,0.00073164,-0.0011007,0.0020407,0.00086558,-0.00087719,0.0018237,0.001196,-0.00025171,0.0003747,0.0009142,-0.00053828,0.00035856,0.00026876,8.8741e-05,-8.275e-05,0.00023557,3.4582e-05,0.00021365,0.00039214,5.3465e-05,-0.00079329,-0.00053828,0.0011795,-0.0014433,-0.00058612,0.00054535,-0.00084237,-0.00070052,0.00079253,-0.00099848,-0.00076545,-0.00025157,0.0021022,0.00035856,-0.0014433,0.004036,0.00064846,-0.0018726,0.0033089,0.0014591,-0.0018811,0.002757,0.0016472,-0.00023546,0.00073164,0.00026876,-0.00058612,0.00064846,0.00089989,-0.00047217,0.0005937,0.00099977,-0.00059096,0.00097952,0.00085707,0.00030551,-0.0011007,8.8741e-05,0.00054535,-0.0018726,-0.00047217,0.0015477,-0.0017262,-0.0007941,0.00073228,-0.0016368,-0.00047235,-0.00067579,0.0020407,-8.275e-05,-0.00084237,0.0033089,0.0005937,-0.0017262,0.0039992,0.0013179,-0.0015067,0.0029695,0.0012759,-0.00028013,0.00086558,0.00023557,-0.00070052,0.0014591,0.00099977,-0.0007941,0.0013179,0.0021564,-0.0012264,0.0012243,0.0016048,-0.00020527,-0.00087719,3.4582e-05,0.00079253,-0.0018811,-0.00059096,0.00073228,-0.0015067,-0.0012264,0.0016929,-0.0014043,-0.0010897,-0.00047114,0.0018237,0.00021365,-0.00099848,0.002757,0.00097952,-0.0016368,0.0029695,0.0012243,-0.0014043,0.0039999,0.0010262,-0.00018066,0.001196,0.00039214,-0.00076545,0.0016472,0.00085707,-0.00047235,0.0012759,0.0016048,-0.0010897,0.0010262,0.0018485
0.00055637,-0.00037411,-0.00025177,5.3478e-05,-0.00025163,-0.00023552,0.00030558,-0.00067596,-0.0002802,-0.00020533,-0.00047126,-0.0001807,-0.00037411,0.0021133,0.0003748,-0.00079349,0.0021028,0.00073183,-0.001101,0.0020412,0.0008658,-0.00087742,0.0018242,0.0011963,-0.00025177,0.0003748,0.00091444,-0.00053842,0.00035865,0.00026883,8.8764e-05,-8.2771e-05,0.00023563,3.4591e-05,0.00021371,0.00039224,5.3478e-05,-0.00079349,-0.00053842,0.0011798,-0.0014436,-0.00058627,0.00054549,-0.00084259,-0.00070069,0.00079273,-0.00099873,-0.00076564,-0.00025163,0.0021028,0.00035865,-0.0014436,0.004037,0.00064862,-0.0018731,0.0033097,0.0014595,-0.0018816,0.0027577,0.0016476,-0.00023552,0.00073183,0.00026883,-0.00058627,0.00064862,0.00090012,-0.00047229,0.00059385,0.001,-0.00059111,0.00097977,0.00085729,0.00030558,-0.001101,8.8764e-05,0.00054549,-0.0018731,-0.00047229,0.0015481,-0.0017267,-0.0007943,0.00073246,-0.0016372,-0.00047247,-0.00067596,0.0020412,-8.2771e-05,-0.00084259,0.0033097,0.00059385,-0.0017267,0.0040002,0.0013183,-0.001507,0.0029702,0.0012762,-0.0002802,0.0008658,0.00023563,-0.00070069,0.0014595,0.001,-0.0007943,0.0013183,0.002157,-0.0012267,0.0012246,0.0016052,-0.00020533,-0.00087742,3.4591e-05,0.00079273,-0.0018816,-0.00059111,0.00073246,-0.001507,-0.0012267,0.0016933,-0.0014046,-0.0010899,-0.00047126,0.0018242,0.00021371,-0.00099873,0.0027577,0.00097977,-0.0016372,0.0029702,0.0012246,-0.0014046,0.0040009,0.0010265,-0.0001807,0.0011963,0.00039224,-0.00076564,0.0016476,0.00085729,-0.00047247,0.0012762,0.0016052,-0.0010899,0.0010265,0.001849
0.0005565,-0.0003742,-0.00025183,5.3491e-05,-0.00025169,-0.00023558,0.00030565,-0.00067612,-0.00028027,-0.00020537,-0.00047137,-0.00018074,-0.0003742,0.0021138,0.00037488,-0.00079367,0.0021032,0.000732,-0.0011013,0.0020417,0.00086601,-0.00087762,0.0018246,0.0011966,-0.00025183,0.00037488,0.00091465,-0.00053854,0.00035874,0.00026889,8.8784e-05,-8.279e-05,0.00023568,3.4599e-05,0.00021376,0.00039233,5.3491e-05,-0.00079367,-0.00053854,0.00118,-0.001444,-0.0005864,0.00054562,-0.00084278,-0.00070086,0.00079292,-0.00099897,-0.00076582,-0.00025169,0.0021032,0.00035874,-0.001444,0.004038,0.00064877,-0.0018735,0.0033105,0.0014598,-0.0018821,0.0027583,0.001648,-0.00023558,0.000732,0.00026889,-0.0005864,0.00064877,0.00090033,-0.0004724,0.00059399,0.0010003,-0.00059125,0.00098,0.00085749,0.00030565,-0.0011013,8.8784e-05,0.00054562,-0.0018735,-0.0004724,0.0015485,-0.0017271,-0.00079449,0.00073263,-0.0016375,-0.00047258,-0.00067612,0.0020417,-8.279e-05,-0.00084278,0.0033105,0.00059399,-0.0017271,0.0040011,0.0013186,-0.0015074,0.0029709,0.0012765,-0.00028027,0.00086601,0.00023568,-0.00070086,0.0014598,0.0010003,-0.00079449,0.0013186,0.0021575,-0.001227,0.0012249,0.0016056,-0.00020537,-0.00087762,3.4599e-05,0.00079292,-0.0018821,-0.00059125,0.00073263,-0.0015074,-0.001227,0.0016937,-0.001405,-0.0010902,-0.00047137,0.0018246,0.00021376,-0.00099897,0.0027583,0.00098,-0.0016375,0.0029709,0.0012249,-0.001405,0.0040018,0.0010267,-0.00018074,0.0011966,0.00039233,-0.00076582,0.001648,0.00085749,-0.00047258,0.0012765,0.0016056,-0.0010902,0.0010267,0.0018494
0.00055662,-0.00037428,-0.00025188,5.3502e-05,-0.00025174,-0.00023563,0.00030572,-0.00067626,-0.00028033,-0.00020542,-0.00047147,-0.00018078,-0.00037428,0.0021142,0.00037496,-0.00079384,0.0021037,0.00073216,-0.0011015,0.0020421,0.00086619,-0.00087781,0.001825,0.0011968,-0.00025188,0.00037496,0.00091484,-0.00053866,0.00035881,0.00026895,8.8803e-05,-8.2808e-05,0.00023573,3.4606e-05,0.0002138,0.00039241,5.3502e-05,-0.00079384,-0.00053866,0.0011803,-0.0014443,-0.00058653,0.00054573,-0.00084296,-0.00070101,0.00079308,-0.00099918,-0.00076598,-0.00025174,0.0021037,0.00035881,-0.0014443,0.0040388,0.00064891,-0.0018739,0.0033112,0.0014601,-0.0018825,0.0027589,0.0016483,-0.00023563,0.00073216,0.00026895,-0.00058653,0.00064891,0.00090052,-0.0004725,0.00059411,0.0010005,-0.00059137,0.00098021,0.00085767,0.00030572,-0.0011015,8.8803e-05,0.00054573,-0.0018739,-0.0004725,0.0015488,-0.0017274,-0.00079466,0.00073279,-0.0016379,-0.00047268,-0.00067626,0.0020421,-8.2808e-05,-0.00084296,0.0033112,0.00059411,-0.0017274,0.004002,0.0013188,-0.0015077,0.0029715,0.0012768,-0.00028033,0.00086619,0.00023573,-0.00070101,0.0014601,0.0010005,-0.00079466,0.0013188,0.0021579,-0.0012272,0.0012252,0.0016059,-0.00020542,-0.00087781,3.4606e-05,0.00079308,-0.0018825,-0.00059137,0.00073279,-0.0015077,-0.0012272,0.0016941,-0.0014053,-0.0010904,-0.00047147,0.001825,0.0002138,-0.00099918,0.0027589,0.00098021,-0.0016379,0.0029715,0.0012252,-0.0014053,0.0040027,0.0010269,-0.00018078,0.0011968,0.00039241,-0.00076598,0.0016483,0.00085767,-0.00047268,0.0012768,0.0016059,-0.0010904,0.0010269,0.0018498
0.00055673,-0.00037435,-0.00025193,5.3513e-05,-0.00025179,-0.00023567,0.00030578,-0.0006764,-0.00028038,-0.00020546,-0.00047156,-0.00018082,-0.00037435,0.0021147,0.00037503,-0.00079399,0.0021041,0.0007323,-0.0011017,0.0020425,0.00086636,-0.00087798,0.0018253,0.0011971,-0.00025193,0.00037503,0.00091502,-0.00053876,0.00035888,0.000269,8.882e-05,-8.2824e-05,0.00023578,3.4613e-05,0.00021384,0.00039249,5.3513e-05,-0.00079399,-0.00053876,0.0011805,-0.0014446,-0.00058664,0.00054584,-0.00084312,-0.00070114,0.00079324,-0.00099937,-0.00076613,-0.00025179,0.0021041,0.00035888,-0.0014446,0.0040396,0.00064904,-0.0018743,0.0033119,0.0014604,-0.0018828,0.0027594,0.0016486,-0.00023567,0.0007323,0.000269,-0.00058664,0.00064904,0.00090069,-0.0004726,0.00059423,0.0010007,-0.00059149,0.0009804,0.00085783,0.00030578,-0.0011017,8.882e-05,0.00054584,-0.0018743,-0.0004726,0.0015491,-0.0017278,-0.00079481,0.00073293,-0.0016382,-0.00047277,-0.0006764,0.0020425,-8.2824e-05,-0.00084312,0.0033119,0.00059423,-0.0017278,0.0040027,0.0013191,-0.001508,0.0029721,0.001277,-0.00028038,0.00086636,0.00023578,-0.00070114,0.0014604,0.0010007,-0.00079481,0.0013191,0.0021583,-0.0012275,0.0012254,0.0016062,-0.00020546,-0.00087798,3.4613e-05,0.00079324,-0.0018828,-0.00059149,0.00073293,-0.001508,-0.0012275,0.0016944,-0.0014055,-0.0010906,-0.00047156,0.0018253,0.00021384,-0.00099937,0.0027594,0.0009804,-0.0016382,0.0029721,0.0012254,-0.0014055,0.0040034,0.0010271,-0.00018082,0.0011971,0.00039249,-0.00076613,0.0016486,0.00085783,-0.00047277,0.001277,0.0016062,-0.0010906,0.0010271,0.0018502
0.00055682,-0.00037442,-0.00025197,5.3522e-05,-0.00025183,-0.00023571,0.00030583,-0.00067651,-0.00028043,-0.00020549,-0.00047164,-0.00018085,-0.00037442,0.002115,0.0003751,-0.00079413,0.0021045,0.00073243,-0.0011019,0.0020429,0.00086651,-0.00087813,0.0018256,0.0011973,-0.00025197,0.0003751,0.00091518,-0.00053886,0.00035895,0.00026905,8.8836e-05,-8.2839e-05,0.00023582,3.4619e-05,0.00021388,0.00039256,5.3522e-05,-0.00079413,-0.00053886,0.0011807,-0.0014448,-0.00058674,0.00054593,-0.00084327,-0.00070127,0.00079338,-0.00099955,-0.00076627,-0.00025183,0.0021045,0.00035895,-0.0014448,0.0040403,0.00064915,-0.0018746,0.0033124,0.0014607,-0.0018832,0.0027599,0.0016489,-0.00023571,0.00073243,0.00026905,-0.00058674,0.00064915,0.00090085,-0.00047268,0.00059433,0.0010008,-0.00059159,0.00098057,0.00085798,0.00030583,-0.0011019,8.8836e-05,0.00054593,-0.0018746,-0.00047268,0.0015494,-0.0017281,-0.00079495,0.00073306,-0.0016385,-0.00047285,-0.00067651,0.0020429,-8.2839e-05,-0.00084327,0.0033124,0.00059433,-0.0017281,0.0040034,0.0013193,-0.0015083,0.0029726,0.0012772,-0.00028043,0.00086651,0.00023582,-0.00070127,0.0014607,0.0010008,-0.00079495,0.0013193,0.0021587,-0.0012277,0.0012256,0.0016065,-0.00020549,-0.00087813,3.4619e-05,0.00079338,-0.0018832,-0.00059159,0.00073306,-0.0015083,-0.0012277,0.0016947,-0.0014058,-0.0010908,-0.00047164,0.0018256,0.00021388,-0.00099955,0.0027599,0.00098057,-0.0016385,0.0029726,0.0012256,-0.0014058,0.0040042,0.0010273,-0.00018085,0.0011973,0.00039256,-0.00076627,0.0016489,0.00085798,-0.00047285,0.0012772,0.0016065,-0.0010908,0.0010273,0.0018505
0.00055691,-0.00037448,-0.00025201,5.3531e-05,-0.00025187,-0.00023575,0.00030588,-0.00067662,-0.00028048,-0.00020553,-0.00047172,-0.00018088,-0.00037448,0.0021154,0.00037516,-0.00079426,0.0021048,0.00073254,-0.0011021,0.0020432,0.00086665,-0.00087827,0.0018259,0.0011975,-0.00025201,0.00037516,0.00091533,-0.00053894,0.000359,0.00026909,8.885e-05,-8.2852e-05,0.00023586,3.4624e-05,0.00021392,0.00039262,5.3531e-05,-0.00079426,-0.00053894,0.0011809,-0.001445,-0.00058684,0.00054602,-0.00084341,-0.00070138,0.0007935,-0.00099971,-0.00076639,-0.00025187,0.0021048,0.000359,-0.001445,0.004041,0.00064925,-0.0018749,0.003313,0.0014609,-0.0018835,0.0027604,0.0016492,-0.00023575,0.00073254,0.00026909,-0.00058684,0.00064925,0.00090099,-0.00047275,0.00059443,0.001001,-0.00059169,0.00098073,0.00085812,0.00030588,-0.0011021,8.885e-05,0.00054602,-0.0018749,-0.00047275,0.0015496,-0.0017283,-0.00079508,0.00073318,-0.0016388,-0.00047293,-0.00067662,0.0020432,-8.2852e-05,-0.00084341,0.003313,0.00059443,-0.0017283,0.0040041,0.0013195,-0.0015085,0.0029731,0.0012774,-0.00028048,0.00086665,0.00023586,-0.00070138,0.0014609,0.001001,-0.00079508,0.0013195,0.0021591,-0.0012279,0.0012258,0.0016068,-0.00020553,-0.00087827,3.4624e-05,0.0007935,-0.0018835,-0.00059169,0.00073318,-0.0015085,-0.0012279,0.001695,-0.001406,-0.001091,-0.00047172,0.0018259,0.00021392,-0.00099971,0.0027604,0.00098073,-0.0016388,0.0029731,0.0012258,-0.001406,0.0040048,0.0010275,-0.00018088,0.0011975,0.00039262,-0.00076639,0.0016492,0.00085812,-0.00047293,0.0012774,0.0016068,-0.001091,0.0010275,0.0018508
0.00055699,-0.00037453,-0.00025205,5.3538e-05,-0.00025191,-0.00023579,0.00030593,-0.00067672,-0.00028052,-0.00020555,-0.00047179,-0.00018091,-0.00037453,0.0021157,0.00037522,-0.00079438,0.0021051,0.00073265,-0.0011023,0.0020435,0.00086677,-0.0008784,0.0018262,0.0011976,-0.00025205,0.00037522,0.00091546,-0.00053902,0.00035906,0.00026913,8.8863e-05,-8.2864e-05,0.00023589,3.4629e-05,0.00021395,0.00039268,5.3538e-05,-0.00079438,-0.00053902,0.0011811,-0.0014452,-0.00058692,0.0005461,-0.00084353,-0.00070148,0.00079362,-0.00099985,-0.0007665,-0.00025191,0.0021051,0.00035906,-0.0014452,0.0040415,0.00064935,-0.0018752,0.0033134,0.0014611,-0.0018837,0.0027608,0.0016494,-0.00023579,0.00073265,0.00026913,-0.00058692,0.00064935,0.00090112,-0.00047282,0.00059451,0.0010011,-0.00059177,0.00098087,0.00085825,0.00030593,-0.0011023,8.8863e-05,0.0005461,-0.0018752,-0.00047282,0.0015498,-0.0017286,-0.00079519,0.00073328,-0.001639,-0.000473,-0.00067672,0.0020435,-8.2864e-05,-0.00084353,0.0033134,0.00059451,-0.0017286,0.0040047,0.0013197,-0.0015087,0.0029735,0.0012776,-0.00028052,0.00086677,0.00023589,-0.00070148,0.0014611,0.0010011,-0.00079519,0.0013197,0.0021594,-0.001228,0.001226,0.001607,-0.00020555,-0.0008784,3.4629e-05,0.00079362,-0.0018837,-0.00059177,0.00073328,-0.0015087,-0.001228,0.0016952,-0.0014062,-0.0010912,-0.00047179,0.0018262,0.00021395,-0.00099985,0.0027608,0.00098087,-0.001639,0.0029735,0.001226,-0.0014062,0.0040054,0.0010276,-0.00018091,0.0011976,0.00039268,-0.0007665,0.0016494,0.00085825,-0.000473,0.0012776,0.001607,-0.0010912,0.0010276,0.0018511
0.00055707,-0.00037458,-0.00025208,5.3545e-05,-0.00025194,-0.00023582,0.00030597,-0.00067681,-0.00028055,-0.00020558,-0.00047185,-0.00018093,-0.00037458,0.0021159,0.00037526,-0.00079448,0.0021054,0.00073275,-0.0011024,0.0020438,0.00086689,-0.00087851,0.0018264,0.0011978,-0.00025208,0.00037526,0.00091558,-0.00053909,0.0003591,0.00026916,8.8875e-05,-8.2875e-05,0.00023592,3.4634e-05,0.00021397,0.00039273,5.3545e-05,-0.00079448,-0.00053909,0.0011812,-0.0014454,-0.000587,0.00054617,-0.00084364,-0.00070157,0.00079372,-0.00099998,-0.0007666,-0.00025194,0.0021054,0.0003591,-0.0014454,0.0040421,0.00064943,-0.0018754,0.0033139,0.0014613,-0.001884,0.0027611,0.0016496,-0.00023582,0.00073275,0.00026916,-0.000587,0.00064943,0.00090124,-0.00047289,0.00059459,0.0010013,-0.00059185,0.000981,0.00085836,0.00030597,-0.0011024,8.8875e-05,0.00054617,-0.0018754,-0.00047289,0.00155,-0.0017288,-0.0007953,0.00073338,-0.0016392,-0.00047306,-0.00067681,0.0020438,-8.2875e-05,-0.00084364,0.0033139,0.00059459,-0.0017288,0.0040052,0.0013199,-0.0015089,0.0029739,0.0012778,-0.00028055,0.00086689,0.00023592,-0.00070157,0.0014613,0.0010013,-0.0007953,0.0013199,0.0021597,-0.0012282,0.0012262,0.0016072,-0.00020558,-0.00087851,3.4634e-05,0.00079372,-0.001884,-0.00059185,0.00073338,-0.0015089,-0.0012282,0.0016955,-0.0014064,-0.0010913,-0.00047185,0.0018264,0.00021397,-0.00099998,0.0027611,0.000981,-0.0016392,0.0029739,0.0012262,-0.0014064,0.0040059,0.0010277,-0.00018093,0.0011978,0.00039273,-0.0007666,0.0016496,0.00085836,-0.00047306,0.0012778,0.0016072,-0.0010913,0.0010277,0.0018513
0.00055713,-0.00037462,-0.00025211,5.3552e-05,-0.00025197,-0.00023585,0.000306,-0.00067689,-0.00028059,-0.00020561,-0.00047191,-0.00018095,-0.00037462,0.0021162,0.00037531,-0.00079457,0.0021056,0.00073283,-0.0011025,0.002044,0.00086699,-0.00087862,0.0018267,0.0011979,-0.00025211,0.00037531,0.00091569,-0.00053915,0.00035914,0.00026919,8.8885e-05,-8.2884e-05,0.00023595,3.4638e-05,0.000214,0.00039278,5.3552e-05,-0.00079457,-0.00053915,0.0011814,-0.0014456,-0.00058707,0.00054624,-0.00084374,-0.00070165,0.00079382,-0.0010001,-0.00076669,-0.00025197,0.0021056,0.00035914,-0.0014456,0.0040425,0.00064951,-0.0018757,0.0033143,0.0014615,-0.0018842,0.0027614,0.0016498,-0.00023585,0.00073283,0.00026919,-0.00058707,0.00064951,0.00090135,-0.00047294,0.00059466,0.0010014,-0.00059192,0.00098111,0.00085846,0.000306,-0.0011025,8.8885e-05,0.00054624,-0.0018757,-0.00047294,0.0015502,-0.001729,-0.00079539,0.00073347,-0.0016394,-0.00047312,-0.00067689,0.002044,-8.2884e-05,-0.00084374,0.0033143,0.00059466,-0.001729,0.0040056,0.0013201,-0.0015091,0.0029743,0.0012779,-0.00028059,0.00086699,0.00023595,-0.00070165,0.0014615,0.0010014,-0.00079539,0.0013201,0.0021599,-0.0012284,0.0012263,0.0016074,-0.00020561,-0.00087862,3.4638e-05,0.00079382,-0.0018842,-0.00059192,0.00073347,-0.0015091,-0.0012284,0.0016957,-0.0014066,-0.0010914,-0.00047191,0.0018267,0.000214,-0.0010001,0.0027614,0.00098111,-0.0016394,0.0029743,0.0012263,-0.0014066,0.0040064,0.0010279,-0.00018095,0.0011979,0.00039278,-0.00076669,0.0016498,0.00085846,-0.00047312,0.0012779,0.0016074,-0.0010914,0.0010279,0.0018515
0.00055719,-0.00037466,-0.00025214,5.3557e-05,-0.000252,-0.00023587,0.00030603,-0.00067696,-0.00028062,-0.00020563,-0.00047196,-0.00018097,-0.00037466,0.0021164,0.00037535,-0.00079466,0.0021059,0.00073291,-0.0011026,0.0020442,0.00086708,-0.00087871,0.0018268,0.0011981,-0.00025214,0.00037535,0.00091578,-0.00053921,0.00035918,0.00026922,8.8894e-05,-8.2893e-05,0.00023598,3.4642e-05,0.00021402,0.00039282,5.3557e-05,-0.00079466,-0.00053921,0.0011815,-0.0014458,-0.00058713,0.00054629,-0.00084383,-0.00070173,0.0007939,-0.0010002,-0.00076677,-0.000252,0.0021059,0.00035918,-0.0014458,0.004043,0.00064958,-0.0018759,0.0033146,0.0014616,-0.0018844,0.0027617,0.00165,-0.00023587,0.00073291,0.00026922,-0.00058713,0.00064958,0.00090144,-0.00047299,0.00059472,0.0010015,-0.00059198,0.00098122,0.00085855,0.00030603,-0.0011026,8.8894e-05,0.00054629,-0.0018759,-0.00047299,0.0015504,-0.0017292,-0.00079547,0.00073354,-0.0016396,-0.00047317,-0.00067696,0.0020442,-8.2893e-05,-0.00084383,0.0033146,0.00059472,-0.0017292,0.0040061,0.0013202,-0.0015093,0.0029746,0.0012781,-0.00028062,0.00086708,0.00023598,-0.00070173,0.0014616,0.0010015,-0.00079547,0.0013202,0.0021601,-0.0012285,0.0012264,0.0016076,-0.00020563,-0.00087871,3.4642e-05,0.0007939,-0.0018844,-0.00059198,0.00073354,-0.0015093,-0.0012285,0.0016958,-0.0014067,-0.0010915,-0.00047196,0.0018268,0.00021402,-0.0010002,0.0027617,0.00098122,-0.0016396,0.0029746,0.0012264,-0.0014067,0.0040068,0.001028,-0.00018097,0.0011981,0.00039282,-0.00076677,0.00165,0.00085855,-0.00047317,0.0012781,0.0016076,-0.0010915,0.001028,0.0018517
0.00055724,-0.0003747,-0.00025216,5.3562e-05,-0.00025202,-0.00023589,0.00030606,-0.00067702,-0.00028064,-0.00020565,-0.000472,-0.00018099,-0.0003747,0.0021166,0.00037538,-0.00079473,0.0021061,0.00073298,-0.0011027,0.0020444,0.00086716,-0.00087879,0.001827,0.0011982,-0.00025216,0.00037538,0.00091587,-0.00053926,0.00035922,0.00026925,8.8903e-05,-8.2901e-05,0.000236,3.4645e-05,0.00021404,0.00039285,5.3562e-05,-0.00079473,-0.00053926,0.0011816,-0.0014459,-0.00058719,0.00054635,-0.00084391,-0.00070179,0.00079397,-0.0010003,-0.00076684,-0.00025202,0.0021061,0.00035922,-0.0014459,0.0040434,0.00064964,-0.001876,0.0033149,0.0014618,-0.0018846,0.002762,0.0016502,-0.00023589,0.00073298,0.00026925,-0.00058719,0.00064964,0.00090153,-0.00047304,0.00059478,0.0010016,-0.00059204,0.00098131,0.00085863,0.00030606,-0.0011027,8.8903e-05,0.00054635,-0.001876,-0.00047304,0.0015505,-0.0017294,-0.00079555,0.00073361,-0.0016397,-0.00047321,-0.00067702,0.0020444,-8.2901e-05,-0.00084391,0.0033149,0.00059478,-0.0017294,0.0040064,0.0013203,-0.0015094,0.0029749,0.0012782,-0.00028064,0.00086716,0.000236,-0.00070179,0.0014618,0.0010016,-0.00079555,0.0013203,0.0021603,-0.0012286,0.0012266,0.0016077,-0.00020565,-0.00087879,3.4645e-05,0.00079397,-0.0018846,-0.00059204,0.00073361,-0.0015094,-0.0012286,0.001696,-0.0014068,-0.0010916,-0.000472,0.001827,0.00021404,-0.0010003,0.002762,0.00098131,-0.0016397,0.0029749,0.0012266,-0.0014068,0.0040072,0.0010281,-0.00018099,0.0011982,0.00039285,-0.00076684,0.0016502,0.00085863,-0.00047321,0.0012782,0.0016077,-0.0010916,0.0010281,0.0018519
0.00055729,-0.00037473,-0.00025219,5.3567e-05,-0.00025204,-0.00023591,0.00030609,-0.00067708,-0.00028067,-0.00020566,-0.00047204,-0.000181,-0.00037473,0.0021168,0.00037541,-0.0007948,0.0021062,0.00073304,-0.0011028,0.0020446,0.00086724,-0.00087887,0.0018272,0.0011983,-0.00025219,0.00037541,0.00091595,-0.00053931,0.00035925,0.00026927,8.891e-05,-8.2908e-05,0.00023602,3.4648e-05,0.00021406,0.00039289,5.3567e-05,-0.0007948,-0.00053931,0.0011817,-0.001446,-0.00058723,0.00054639,-0.00084398,-0.00070185,0.00079404,-0.0010004,-0.00076691,-0.00025204,0.0021062,0.00035925,-0.001446,0.0040437,0.00064969,-0.0018762,0.0033152,0.0014619,-0.0018847,0.0027622,0.0016503,-0.00023591,0.00073304,0.00026927,-0.00058723,0.00064969,0.0009016,-0.00047307,0.00059483,0.0010017,-0.00059209,0.00098139,0.0008587,0.00030609,-0.0011028,8.891e-05,0.00054639,-0.0018762,-0.00047307,0.0015506,-0.0017295,-0.00079561,0.00073367,-0.0016399,-0.00047325,-0.00067708,0.0020446,-8.2908e-05,-0.00084398,0.0033152,0.00059483,-0.0017295,0.0040068,0.0013204,-0.0015095,0.0029751,0.0012783,-0.00028067,0.00086724,0.00023602,-0.00070185,0.0014619,0.0010017,-0.00079561,0.0013204,0.0021605,-0.0012287,0.0012267,0.0016078,-0.00020566,-0.00087887,3.4648e-05,0.00079404,-0.0018847,-0.00059209,0.00073367,-0.0015095,-0.0012287,0.0016961,-0.001407,-0.0010917,-0.00047204,0.0018272,0.00021406,-0.0010004,0.0027622,0.00098139,-0.0016399,0.0029751,0.0012267,-0.001407,0.0040075,0.0010282,-0.000181,0.0011983,0.00039289,-0.00076691,0.0016503,0.0008587,-0.00047325,0.0012783,0.0016078,-0.0010917,0.0010282,0.0018521
0.00055733,-0.00037476,-0.0002522,5.3571e-05,-0.00025206,-0.00023593,0.00030611,-0.00067713,-0.00028069,-0.00020568,-0.00047207,-0.00018101,-0.00037476,0.0021169,0.00037544,-0.00079486,0.0021064,0.00073309,-0.0011029,0.0020448,0.0008673,-0.00087893,0.0018273,0.0011984,-0.0002522,0.00037544,0.00091601,-0.00053934,0.00035927,0.00026929,8.8917e-05,-8.2914e-05,0.00023603,3.465e-05,0.00021408,0.00039291,5.3571e-05,-0.00079486,-0.00053934,0.0011818,-0.0014461,-0.00058728,0.00054643,-0.00084404,-0.0007019,0.0007941,-0.0010005,-0.00076696,-0.00025206,0.0021064,0.00035927,-0.0014461,0.004044,0.00064974,-0.0018763,0.0033154,0.001462,-0.0018849,0.0027624,0.0016504,-0.00023593,0.00073309,0.00026929,-0.00058728,0.00064974,0.00090167,-0.00047311,0.00059487,0.0010018,-0.00059213,0.00098146,0.00085876,0.00030611,-0.0011029,8.8917e-05,0.00054643,-0.0018763,-0.00047311,0.0015508,-0.0017296,-0.00079567,0.00073373,-0.00164,-0.00047328,-0.00067713,0.0020448,-8.2914e-05,-0.00084404,0.0033154,0.00059487,-0.0017296,0.0040071,0.0013205,-0.0015096,0.0029753,0.0012784,-0.00028069,0.0008673,0.00023603,-0.0007019,0.001462,0.0010018,-0.00079567,0.0013205,0.0021607,-0.0012288,0.0012267,0.001608,-0.00020568,-0.00087893,3.465e-05,0.0007941,-0.0018849,-0.00059213,0.00073373,-0.0015096,-0.0012288,0.0016963,-0.0014071,-0.0010918,-0.00047207,0.0018273,0.00021408,-0.0010005,0.0027624,0.00098146,-0.00164,0.0029753,0.0012267,-0.0014071,0.0040078,0.0010282,-0.00018101,0.0011984,0.00039291,-0.00076696,0.0016504,0.00085876,-0.00047328,0.0012784,0.001608,-0.0010918,0.0010282,0.0018522
0.00055737,-0.00037478,-0.00025222,5.3574e-05,-0.00025208,-0.00023594,0.00030613,-0.00067717,-0.00028071,-0.00020569,-0.0004721,-0.00018103,-0.00037478,0.0021171,0.00037547,-0.00079491,0.0021065,0.00073314,-0.001103,0.0020449,0.00086735,-0.00087899,0.0018274,0.0011984,-0.00025222,0.00037547,0.00091607,-0.00053938,0.0003593,0.00026931,8.8922e-05,-8.2919e-05,0.00023605,3.4652e-05,0.00021409,0.00039294,5.3574e-05,-0.00079491,-0.00053938,0.0011819,-0.0014462,-0.00058731,0.00054646,-0.00084409,-0.00070195,0.00079415,-0.0010005,-0.00076701,-0.00025208,0.0021065,0.0003593,-0.0014462,0.0040442,0.00064978,-0.0018764,0.0033157,0.0014621,-0.001885,0.0027626,0.0016505,-0.00023594,0.00073314,0.00026931,-0.00058731,0.00064978,0.00090173,-0.00047314,0.00059491,0.0010018,-0.00059217,0.00098152,0.00085882,0.00030613,-0.001103,8.8922e-05,0.00054646,-0.0018764,-0.00047314,0.0015509,-0.0017297,-0.00079572,0.00073377,-0.0016401,-0.00047331,-0.00067717,0.0020449,-8.2919e-05,-0.00084409,0.0033157,0.00059491,-0.0017297,0.0040073,0.0013206,-0.0015097,0.0029755,0.0012785,-0.00028071,0.00086735,0.00023605,-0.00070195,0.0014621,0.0010018,-0.00079572,0.0013206,0.0021608,-0.0012289,0.0012268,0.0016081,-0.00020569,-0.00087899,3.4652e-05,0.00079415,-0.001885,-0.00059217,0.00073377,-0.0015097,-0.0012289,0.0016964,-0.0014072,-0.0010919,-0.0004721,0.0018274,0.00021409,-0.0010005,0.0027626,0.00098152,-0.0016401,0.0029755,0.0012268,-0.0014072,0.004008,0.0010283,-0.00018103,0.0011984,0.00039294,-0.00076701,0.0016505,0.00085882,-0.00047331,0.0012785,0.0016081,-0.0010919,0.0010283,0.0018523
0.0005574,-0.0003748,-0.00025223,5.3577e-05,-0.00025209,-0.00023596,0.00030615,-0.00067721,-0.00028072,-0.0002057,-0.00047213,-0.00018104,-0.0003748,0.0021172,0.00037549,-0.00079495,0.0021066,0.00073318,-0.001103,0.002045,0.0008674,-0.00087903,0.0018275,0.0011985,-0.00025223,0.00037549,0.00091612,-0.00053941,0.00035931,0.00026932,8.8927e-05,-8.2924e-05,0.00023606,3.4654e-05,0.0002141,0.00039296,5.3577e-05,-0.00079495,-0.00053941,0.0011819,-0.0014463,-0.00058735,0.00054649,-0.00084414,-0.00070198,0.00079419,-0.0010006,-0.00076705,-0.00025209,0.0021066,0.00035931,-0.0014463,0.0040445,0.00064982,-0.0018766,0.0033158,0.0014622,-0.0018851,0.0027628,0.0016506,-0.00023596,0.00073318,0.00026932,-0.00058735,0.00064982,0.00090177,-0.00047316,0.00059494,0.0010019,-0.0005922,0.00098158,0.00085887,0.00030615,-0.001103,8.8927e-05,0.00054649,-0.0018766,-0.00047316,0.0015509,-0.0017298,-0.00079577,0.00073381,-0.0016402,-0.00047334,-0.00067721,0.002045,-8.2924e-05,-0.00084414,0.0033158,0.00059494,-0.0017298,0.0040075,0.0013207,-0.0015098,0.0029757,0.0012785,-0.00028072,0.0008674,0.00023606,-0.00070198,0.0014622,0.0010019,-0.00079577,0.0013207,0.0021609,-0.0012289,0.0012269,0.0016081,-0.0002057,-0.00087903,3.4654e-05,0.00079419,-0.0018851,-0.0005922,0.00073381,-0.0015098,-0.0012289,0.0016965,-0.0014072,-0.0010919,-0.00047213,0.0018275,0.0002141,-0.0010006,0.0027628,0.00098158,-0.0016402,0.0029757,0.0012269,-0.0014072,0.0040083,0.0010283,-0.00018104,0.0011985,0.00039296,-0.00076705,0.0016506,0.00085887,-0.00047334,0.0012785,0.0016081,-0.0010919,0.0010283,0.0018524
0.00055742,-0.00037482,-0.00025224,5.3579e-05,-0.0002521,-0.00023597,0.00030616,-0.00067724,-0.00028073,-0.00020571,-0.00047215,-0.00018104,-0.00037482,0.0021173,0.0003755,-0.00079499,0.0021067,0.00073321,-0.0011031,0.0020451,0.00086744,-0.00087907,0.0018276,0.0011986,-0.00025224,0.0003755,0.00091616,-0.00053943,0.00035933,0.00026933,8.8931e-05,-8.2927e-05,0.00023607,3.4656e-05,0.00021411,0.00039298,5.3579e-05,-0.00079499,-0.00053943,0.001182,-0.0014464,-0.00058737,0.00054652,-0.00084418,-0.00070202,0.00079423,-0.0010006,-0.00076709,-0.0002521,0.0021067,0.00035933,-0.0014464,0.0040446,0.00064985,-0.0018766,0.003316,0.0014622,-0.0018852,0.0027629,0.0016507,-0.00023597,0.00073321,0.00026933,-0.00058737,0.00064985,0.00090182,-0.00047319,0.00059497,0.0010019,-0.00059223,0.00098162,0.0008589,0.00030616,-0.0011031,8.8931e-05,0.00054652,-0.0018766,-0.00047319,0.001551,-0.0017299,-0.0007958,0.00073385,-0.0016403,-0.00047336,-0.00067724,0.0020451,-8.2927e-05,-0.00084418,0.003316,0.00059497,-0.0017299,0.0040077,0.0013207,-0.0015099,0.0029758,0.0012786,-0.00028073,0.00086744,0.00023607,-0.00070202,0.0014622,0.0010019,-0.0007958,0.0013207,0.002161,-0.001229,0.0012269,0.0016082,-0.00020571,-0.00087907,3.4656e-05,0.00079423,-0.0018852,-0.00059223,0.00073385,-0.0015099,-0.001229,0.0016965,-0.0014073,-0.001092,-0.00047215,0.0018276,0.00021411,-0.0010006,0.0027629,0.00098162,-0.0016403,0.0029758,0.0012269,-0.0014073,0.0040084,0.0010284,-0.00018104,0.0011986,0.00039298,-0.00076709,0.0016507,0.0008589,-0.00047336,0.0012786,0.0016082,-0.001092,0.0010284,0.0018525
0.00055744,-0.00037483,-0.00025225,5.3581e-05,-0.00025211,-0.00023598,0.00030617,-0.00067726,-0.00028074,-0.00020572,-0.00047217,-0.00018105,-0.00037483,0.0021174,0.00037552,-0.00079501,0.0021068,0.00073324,-0.0011031,0.0020452,0.00086747,-0.00087911,0.0018277,0.0011986,-0.00025225,0.00037552,0.0009162,-0.00053945,0.00035934,0.00026934,8.8934e-05,-8.293e-05,0.00023608,3.4657e-05,0.00021412,0.00039299,5.3581e-05,-0.00079501,-0.00053945,0.001182,-0.0014464,-0.00058739,0.00054654,-0.00084421,-0.00070204,0.00079426,-0.0010007,-0.00076712,-0.00025211,0.0021068,0.00035934,-0.0014464,0.0040448,0.00064987,-0.0018767,0.0033161,0.0014623,-0.0018852,0.002763,0.0016507,-0.00023598,0.00073324,0.00026934,-0.00058739,0.00064987,0.00090185,-0.0004732,0.00059499,0.001002,-0.00059225,0.00098166,0.00085894,0.00030617,-0.0011031,8.8934e-05,0.00054654,-0.0018767,-0.0004732,0.0015511,-0.00173,-0.00079583,0.00073387,-0.0016403,-0.00047338,-0.00067726,0.0020452,-8.293e-05,-0.00084421,0.0033161,0.00059499,-0.00173,0.0040079,0.0013208,-0.0015099,0.0029759,0.0012786,-0.00028074,0.00086747,0.00023608,-0.00070204,0.0014623,0.001002,-0.00079583,0.0013208,0.0021611,-0.001229,0.001227,0.0016083,-0.00020572,-0.00087911,3.4657e-05,0.00079426,-0.0018852,-0.00059225,0.00073387,-0.0015099,-0.001229,0.0016966,-0.0014073,-0.001092,-0.00047217,0.0018277,0.00021412,-0.0010007,0.002763,0.00098166,-0.0016403,0.0029759,0.001227,-0.0014073,0.0040086,0.0010284,-0.00018105,0.0011986,0.00039299,-0.00076712,0.0016507,0.00085894,-0.00047338,0.0012786,0.0016083,-0.001092,0.0010284,0.0018526
0.00055746,-0.00037484,-0.00025226,5.3583e-05,-0.00025212,-0.00023598,0.00030618,-0.00067728,-0.00028075,-0.00020573,-0.00047218,-0.00018106,-0.00037484,0.0021174,0.00037553,-0.00079504,0.0021069,0.00073326,-0.0011032,0.0020452,0.0008675,-0.00087913,0.0018277,0.0011986,-0.00025226,0.00037553,0.00091622,-0.00053947,0.00035935,0.00026935,8.8937e-05,-8.2933e-05,0.00023609,3.4658e-05,0.00021412,0.000393,5.3583e-05,-0.00079504,-0.00053947,0.0011821,-0.0014464,-0.00058741,0.00054655,-0.00084423,-0.00070206,0.00079428,-0.0010007,-0.00076714,-0.00025212,0.0021069,0.00035935,-0.0014464,0.0040449,0.00064989,-0.0018768,0.0033162,0.0014623,-0.0018853,0.0027631,0.0016508,-0.00023598,0.00073326,0.00026935,-0.00058741,0.00064989,0.00090187,-0.00047322,0.00059501,0.001002,-0.00059227,0.00098169,0.00085896,0.00030618,-0.0011032,8.8937e-05,0.00054655,-0.0018768,-0.00047322,0.0015511,-0.00173,-0.00079585,0.00073389,-0.0016404,-0.00047339,-0.00067728,0.0020452,-8.2933e-05,-0.00084423,0.0033162,0.00059501,-0.00173,0.004008,0.0013208,-0.00151,0.002976,0.0012787,-0.00028075,0.0008675,0.00023609,-0.00070206,0.0014623,0.001002,-0.00079585,0.0013208,0.0021612,-0.0012291,0.001227,0.0016083,-0.00020573,-0.00087913,3.4658e-05,0.00079428,-0.0018853,-0.00059227,0.00073389,-0.00151,-0.0012291,0.0016966,-0.0014074,-0.0010921,-0.00047218,0.0018277,0.00021412,-0.0010007,0.0027631,0.00098169,-0.0016404,0.002976,0.001227,-0.0014074,0.0040087,0.0010285,-0.00018106,0.0011986,0.000393,-0.00076714,0.0016508,0.00085896,-0.00047339,0.0012787,0.0016083,-0.0010921,0.0010285,0.0018526
0.00055747,-0.00037485,-0.00025227,5.3584e-05,-0.00025213,-0.00023599,0.00030619,-0.0006773,-0.00028076,-0.00020573,-0.00047219,-0.00018106,-0.00037485,0.0021175,0.00037554,-0.00079505,0.0021069,0.00073328,-0.0011032,0.0020453,0.00086751,-0.00087915,0.0018278,0.0011987,-0.00025227,0.00037554,0.00091624,-0.00053948,0.00035936,0.00026936,8.8939e-05,-8.2934e-05,0.00023609,3.4659e-05,0.00021413,0.00039301,5.3584e-05,-0.00079505,-0.00053948,0.0011821,-0.0014465,-0.00058742,0.00054657,-0.00084425,-0.00070208,0.0007943,-0.0010007,-0.00076716,-0.00025213,0.0021069,0.00035936,-0.0014465,0.004045,0.0006499,-0.0018768,0.0033163,0.0014623,-0.0018853,0.0027631,0.0016508,-0.00023599,0.00073328,0.00026936,-0.00058742,0.0006499,0.00090189,-0.00047323,0.00059502,0.001002,-0.00059228,0.00098171,0.00085898,0.00030619,-0.0011032,8.8939e-05,0.00054657,-0.0018768,-0.00047323,0.0015511,-0.0017301,-0.00079587,0.00073391,-0.0016404,-0.0004734,-0.0006773,0.0020453,-8.2934e-05,-0.00084425,0.0033163,0.00059502,-0.0017301,0.0040081,0.0013209,-0.00151,0.0029761,0.0012787,-0.00028076,0.00086751,0.00023609,-0.00070208,0.0014623,0.001002,-0.00079587,0.0013209,0.0021612,-0.0012291,0.001227,0.0016084,-0.00020573,-0.00087915,3.4659e-05,0.0007943,-0.0018853,-0.00059228,0.00073391,-0.00151,-0.0012291,0.0016967,-0.0014074,-0.0010921,-0.00047219,0.0018278,0.00021413,-0.0010007,0.0027631,0.00098171,-0.0016404,0.0029761,0.001227,-0.0014074,0.0040088,0.0010285,-0.00018106,0.0011987,0.00039301,-0.00076716,0.0016508,0.00085898,-0.0004734,0.0012787,0.0016084,-0.0010921,0.0010285,0.0018526
0.00055748,-0.00037485,-0.00025227,5.3585e-05,-0.00025213,-0.00023599,0.00030619,-0.00067731,-0.00028076,-0.00020573,-0.0004722,-0.00018106,-0.00037485,0.0021175,0.00037554,-0.00079507,0.0021069,0.00073328,-0.0011032,0.0020453,0.00086753,-0.00087916,0.0018278,0.0011987,-0.00025227,0.00037554,0.00091625,-0.00053949,0.00035937,0.00026936,8.894e-05,-8.2936e-05,0.0002361,3.4659e-05,0.00021413,0.00039302,5.3585e-05,-0.00079507,-0.00053949,0.0011821,-0.0014465,-0.00058743,0.00054657,-0.00084426,-0.00070209,0.00079431,-0.0010007,-0.00076717,-0.00025213,0.0021069,0.00035937,-0.0014465,0.004045,0.00064991,-0.0018768,0.0033163,0.0014624,-0.0018854,0.0027632,0.0016508,-0.00023599,0.00073328,0.00026936,-0.00058743,0.00064991,0.00090191,-0.00047323,0.00059503,0.001002,-0.00059229,0.00098172,0.00085899,0.00030619,-0.0011032,8.894e-05,0.00054657,-0.0018768,-0.00047323,0.0015512,-0.0017301,-0.00079588,0.00073392,-0.0016404,-0.00047341,-0.00067731,0.0020453,-8.2936e-05,-0.00084426,0.0033163,0.00059503,-0.0017301,0.0040081,0.0013209,-0.00151,0.0029761,0.0012787,-0.00028076,0.00086753,0.0002361,-0.00070209,0.0014624,0.001002,-0.00079588,0.0013209,0.0021612,-0.0012291,0.0012271,0.0016084,-0.00020573,-0.00087916,3.4659e-05,0.00079431,-0.0018854,-0.00059229,0.00073392,-0.00151,-0.0012291,0.0016967,-0.0014074,-0.0010921,-0.0004722,0.0018278,0.00021413,-0.0010007,0.0027632,0.00098172,-0.0016404,0.0029761,0.0012271,-0.0014074,0.0040088,0.0010285,-0.00018106,0.0011987,0.00039302,-0.00076717,0.0016508,0.00085899,-0.00047341,0.0012787,0.0016084,-0.0010921,0.0010285,0.0018527
0.00055748,-0.00037486,-0.00025227,5.3585e-05,-0.00025213,-0.00023599,0.00030619,-0.00067731,-0.00028076,-0.00020573,-0.0004722,-0.00018106,-0.00037486,0.0021175,0.00037554,-0.00079507,0.0021069,0.00073329,-0.0011032,0.0020453,0.00086753,-0.00087917,0.0018278,0.0011987,-0.00025227,0.00037554,0.00091626,-0.00053949,0.00035937,0.00026936,8.8941e-05,-8.2936e-05,0.0002361,3.466e-05,0.00021413,0.00039302,5.3585e-05,-0.00079507,-0.00053949,0.0011821,-0.0014465,-0.00058743,0.00054658,-0.00084427,-0.00070209,0.00079431,-0.0010007,-0.00076717,-0.00025213,0.0021069,0.00035937,-0.0014465,0.0040451,0.00064991,-0.0018768,0.0033163,0.0014624,-0.0018854,0.0027632,0.0016509,-0.00023599,0.00073329,0.00026936,-0.00058743,0.00064991,0.00090191,-0.00047324,0.00059503,0.001002,-0.00059229,0.00098173,0.000859,0.00030619,-0.0011032,8.8941e-05,0.00054658,-0.0018768,-0.00047324,0.0015512,-0.0017301,-0.00079589,0.00073392,-0.0016404,-0.00047341,-0.00067731,0.0020453,-8.2936e-05,-0.00084427,0.0033163,0.00059503,-0.0017301,0.0040082,0.0013209,-0.00151,0.0029761,0.0012787,-0.00028076,0.00086753,0.0002361,-0.00070209,0.0014624,0.001002,-0.00079589,0.0013209,0.0021613,-0.0012291,0.0012271,0.0016084,-0.00020573,-0.00087917,3.466e-05,0.00079431,-0.0018854,-0.00059229,0.00073392,-0.00151,-0.0012291,0.0016967,-0.0014074,-0.0010921,-0.0004722,0.0018278,0.00021413,-0.0010007,0.0027632,0.00098173,-0.0016404,0.0029761,0.0012271,-0.0014074,0.0040089,0.0010285,-0.00018106,0.0011987,0.00039302,-0.00076717,0.0016509,0.000859,-0.00047341,0.0012787,0.0016084,-0.0010921,0.0010285,0.0018527
