0.0015478,0.00026247,-0.00010904,-4.3817e-05,0.00061878,9.2398e-05,-0.00084274,-0.00050728,-0.00031961,0.00054097,-0.00065856,-0.00055485,0.00026247,0.0024982,-4.244e-06,0.00093971,0.0010129,-0.00038873,0.00061471,0.00024229,-0.00077582,-0.0010754,0.00028601,7.3983e-05,-0.00010904,-4.244e-06,0.0016975,-0.0005457,-0.00059665,0.00052569,4.3389e-06,-0.00027452,-6.8666e-05,-0.00060127,-0.00033854,0.00021306,-4.3817e-05,0.00093971,-0.0005457,0.0033384,-0.00032062,4.6965e-05,-0.00092547,0.00035955,0.0001497,-0.00092068,-0.00012065,0.00027146,0.00061878,0.0010129,-0.00059665,-0.00032062,0.0019727,-7.0526e-05,0.00039525,0.00020628,-0.00075933,0.00063282,0.00034905,0.00026906,9.2398e-05,-0.00038873,0.00052569,4.6965e-05,-7.0526e-05,0.0019797,-0.00014624,0.00025597,-0.00071511,0.0013606,-0.0002453,0.0012539,-0.00084274,0.00061471,4.3389e-06,-0.00092547,0.00039525,-0.00014624,0.0021386,0.00038885,0.00015269,0.00026175,0.0012777,0.00070702,-0.00050728,0.00024229,-0.00027452,0.00035955,0.00020628,0.00025597,0.00038885,0.0019736,-0.00059614,-0.00050846,0.00051837,-6.8591e-05,-0.00031961,-0.00077582,-6.8666e-05,0.0001497,-0.00075933,-0.00071511,0.00015269,-0.00059614,0.00448,0.00062318,-0.0003144,0.00061018,0.00054097,-0.0010754,-0.00060127,-0.00092068,0.00063282,0.0013606,0.00026175,-0.00050846,0.00062318,0.0032613,-0.00032812,0.00086266,-0.00065856,0.00028601,-0.00033854,-0.00012065,0.00034905,-0.0002453,0.0012777,0.00051837,-0.0003144,-0.00032812,0.0015466,0.00067652,-0.00055485,7.3983e-05,0.00021306,0.00027146,0.00026906,0.0012539,0.00070702,-6.8591e-05,0.00061018,0.00086266,0.00067652,0.0028018
0.0017347,0.00029947,-0.00012204,-4.3319e-05,0.00069323,0.00010421,-0.0009464,-0.00056731,-0.00036209,0.00060216,-0.00073842,-0.00062313,0.00029947,0.0028069,-4.269e-06,0.0010513,0.0011408,-0.00043731,0.00068955,0.00026969,-0.00086896,-0.0012056,0.00031911,8.2844e-05,-0.00012204,-4.269e-06,0.0019081,-0.00061476,-0.00067018,0.00059204,4.0615e-06,-0.00030998,-7.7614e-05,-0.000675,-0.00038171,0.00024146,-4.3319e-05,0.0010513,-0.00061476,0.0037462,-0.00035645,5.2108e-05,-0.0010435,0.00040015,0.00016867,-0.0010287,-0.00013834,0.00030202,0.00069323,0.0011408,-0.00067018,-0.00035645,0.002214,-7.8621e-05,0.00044483,0.00023547,-0.00085101,0.00070715,0.00039513,0.00030368,0.00010421,-0.00043731,0.00059204,5.2108e-05,-7.8621e-05,0.0022268,-0.00016433,0.00028685,-0.00080432,0.0015318,-0.00027756,0.0014112,-0.0009464,0.00068955,4.0615e-06,-0.0010435,0.00044483,-0.00016433,0.0024034,0.00043555,0.00017338,0.00029632,0.0014363,0.0007953,-0.00056731,0.00026969,-0.00030998,0.00040015,0.00023547,0.00028685,0.00043555,0.0022183,-0.00067109,-0.00056878,0.00058234,-7.9763e-05,-0.00036209,-0.00086896,-7.7614e-05,0.00016867,-0.00085101,-0.00080432,0.00017338,-0.00067109,0.0050365,0.00070074,-0.00035447,0.00068944,0.00060216,-0.0012056,-0.000675,-0.0010287,0.00070715,0.0015318,0.00029632,-0.00056878,0.00070074,0.0036618,-0.00036698,0.00097287,-0.00073842,0.00031911,-0.00038171,-0.00013834,0.00039513,-0.00027756,0.0014363,0.00058234,-0.00035447,-0.00036698,0.0017395,0.00075802,-0.00062313,8.2844e-05,0.00024146,0.00030202,0.00030368,0.0014112,0.0007953,-7.9763e-05,0.00068944,0.00097287,0.00075802,0.0031533
0.0019219,0.00033584,-0.00013507,-4.3563e-05,0.00076782,0.00011596,-0.00105,-0.00062759,-0.00040414,0.00066397,-0.00081834,-0.00069133,0.00033584,0.0031151,-4.3567e-06,0.0011633,0.0012681,-0.00048574,0.00076441,0.00029737,-0.00096231,-0.0013359,0.00035245,9.1727e-05,-0.00013507,-4.3567e-06,0.0021182,-0.0006835,-0.00074361,0.00065812,3.8865e-06,-0.00034519,-8.649e-05,-0.00074869,-0.00042465,0.00026957,-4.3563e-05,0.0011633,-0.0006835,0.0041539,-0.0003927,5.7327e-05,-0.0011609,0.00044118,0.00018755,-0.0011373,-0.00015566,0.00033291,0.00076782,0.0012681,-0.00074361,-0.0003927,0.0024552,-8.678e-05,0.00049424,0.00026416,-0.00094282,0.00078185,0.00044077,0.00033808,0.00011596,-0.00048574,0.00065812,5.7327e-05,-8.678e-05,0.0024731,-0.0001824,0.00031778,-0.00089328,0.0017023,-0.00030953,0.001568,-0.00105,0.00076441,3.8865e-06,-0.0011609,0.00049424,-0.0001824,0.0026678,0.00048234,0.0001938,0.00033056,0.0015945,0.00088334,-0.00062759,0.00029737,-0.00034519,0.00044118,0.00026416,0.00031778,0.00048234,0.0024625,-0.00074577,-0.00062932,0.00064621,-9.0578e-05,-0.00040414,-0.00096231,-8.649e-05,0.00018755,-0.00094282,-0.00089328,0.0001938,-0.00074577,0.0055918,0.00077812,-0.00039432,0.00076808,0.00066397,-0.0013359,-0.00074869,-0.0011373,0.00078185,0.0017023,0.00033056,-0.00062932,0.00077812,0.004062,-0.000406,0.0010825,-0.00081834,0.00035245,-0.00042465,-0.00015566,0.00044077,-0.00030953,0.0015945,0.00064621,-0.00039432,-0.000406,0.0019319,0.00083966,-0.00069133,9.1727e-05,0.00026957,0.00033291,0.00033808,0.001568,0.00088334,-9.0578e-05,0.00076808,0.0010825,0.00083966,0.0035035
0.0021042,0.00037073,-0.00014779,-4.4393e-05,0.0008405,0.00012733,-0.0011507,-0.00068642,-0.00044469,0.0007246,-0.00089617,-0.00075763,0.00037073,0.0034145,-4.4919e-06,0.0012726,0.0013916,-0.00053275,0.00083727,0.00032452,-0.0010533,-0.0014628,0.00038507,0.00010039,-0.00014779,-4.4919e-06,0.0023223,-0.00075014,-0.00081499,0.00072219,3.798e-06,-0.00037926,-9.5069e-05,-0.00082035,-0.00046624,0.00029667,-4.4393e-05,0.0012726,-0.00075014,0.0045505,-0.0004283,6.2464e-05,-0.0012746,0.00048143,0.00020585,-0.0012434,-0.0001722,0.00036322,0.0008405,0.0013916,-0.00081499,-0.0004283,0.0026898,-9.4771e-05,0.00054217,0.00029166,-0.0010323,0.00085483,0.00048482,0.00037137,0.00012733,-0.00053275,0.00072219,6.2464e-05,-9.4771e-05,0.0027123,-0.00019995,0.00034792,-0.00097964,0.0018678,-0.0003404,0.0017201,-0.0011507,0.00083727,3.798e-06,-0.0012746,0.00054217,-0.00019995,0.0029246,0.00052794,0.00021347,0.00036361,0.0017482,0.00096879,-0.00068642,0.00032452,-0.00037926,0.00048143,0.00029166,0.00034792,0.00052794,0.0026998,-0.0008182,-0.0006884,0.00070829,-0.00010082,-0.00044469,-0.0010533,-9.5069e-05,0.00020585,-0.0010323,-0.00097964,0.00021347,-0.0008182,0.0061311,0.00085325,-0.00043292,0.00084412,0.0007246,-0.0014628,-0.00082035,-0.0012434,0.00085483,0.0018678,0.00036361,-0.0006884,0.00085325,0.0044512,-0.00044408,0.0011886,-0.00089617,0.00038507,-0.00046624,-0.0001722,0.00048482,-0.0003404,0.0017482,0.00070829,-0.00043292,-0.00044408,0.0021187,0.00091921,-0.00075763,0.00010039,0.00029667,0.00036322,0.00037137,0.0017201,0.00096879,-0.00010082,0.00084412,0.0011886,0.00091921,0.0038434
0.0022771,0.00040341,-0.00015987,-4.5638e-05,0.00090948,0.00013807,-0.001246,-0.00074234,-0.00048286,0.00078245,-0.00096997,-0.00082044,0.00040341,0.0036981,-4.6588e-06,0.0013765,0.0015083,-0.00057723,0.00090635,0.00035043,-0.0011396,-0.0015832,0.00041613,0.00010861,-0.00015987,-4.6588e-06,0.0025155,-0.00081311,-0.0008826,0.00078276,3.7774e-06,-0.0004114,-0.00010316,-0.00088825,-0.00050552,0.00032217,-4.5638e-05,0.0013765,-0.00081311,0.0049265,-0.00046231,6.738e-05,-0.001382,0.00051983,0.00022314,-0.0013443,-0.00018766,0.00039216,0.00090948,0.0015083,-0.0008826,-0.00046231,0.0029122,-0.00010239,0.00058751,0.00031742,-0.0011171,0.00092423,0.0005263,0.00040279,0.00013807,-0.00057723,0.00078276,6.738e-05,-0.00010239,0.0029385,-0.00021657,0.00037651,-0.0010614,0.0020242,-0.00036948,0.0018639,-0.001246,0.00090635,3.7774e-06,-0.001382,0.00058751,-0.00021657,0.0031677,0.00057123,0.00023195,0.00039473,0.0018937,0.0010496,-0.00074234,0.00035043,-0.0004114,0.00051983,0.00031742,0.00037651,0.00057123,0.0029244,-0.00088669,-0.00074454,0.00076708,-0.00011031,-0.00048286,-0.0011396,-0.00010316,0.00022314,-0.0011171,-0.0010614,0.00023195,-0.00088669,0.0066415,0.00092435,-0.00046938,0.00091583,0.00078245,-0.0015832,-0.00088825,-0.0013443,0.00092423,0.0020242,0.00039473,-0.00074454,0.00092435,0.0048199,-0.00048027,0.0012888,-0.00096997,0.00041613,-0.00050552,-0.00018766,0.0005263,-0.00036948,0.0018937,0.00076708,-0.00046938,-0.00048027,0.0022954,0.00099469,-0.00082044,0.00010861,0.00032217,0.00039216,0.00040279,0.0018639,0.0010496,-0.00011031,0.00091583,0.0012888,0.00099469,0.0041648
0.0024372,0.00043334,-0.00017106,-4.7137e-05,0.00097335,0.00014797,-0.0013342,-0.00079417,-0.00051796,0.00083624,-0.0010383,-0.0008785,0.00043334,0.0039602,-4.8423e-06,0.0014727,0.001616,-0.0006183,0.00097025,0.00037452,-0.0012196,-0.0016946,0.00044496,0.00011622,-0.00017106,-4.8423e-06,0.002694,-0.00087122,-0.00094509,0.00083864,3.8063e-06,-0.00044101,-0.0001106,-0.00095104,-0.00054174,0.00034561,-4.7137e-05,0.0014727,-0.00087122,0.0052742,-0.00049396,7.1961e-05,-0.001481,0.00055555,0.00023909,-0.0014378,-0.00020177,0.00041908,0.00097335,0.001616,-0.00094509,-0.00049396,0.0031178,-0.00010946,0.00062936,0.000341,-0.0011956,0.0009886,0.00056447,0.00043174,0.00014797,-0.0006183,0.00083864,7.1961e-05,-0.00010946,0.0031475,-0.00023192,0.00040297,-0.0011368,0.0021685,-0.00039624,0.0019967,-0.0013342,0.00097025,3.8063e-06,-0.001481,0.00062936,-0.00023192,0.0033924,0.00061132,0.00024893,0.00042336,0.0020281,0.0011243,-0.00079417,0.00037452,-0.00044101,0.00055555,0.000341,0.00040297,0.00061132,0.0031319,-0.00094991,-0.00079657,0.00082142,-0.00011891,-0.00051796,-0.0012196,-0.0001106,0.00023909,-0.0011956,-0.0011368,0.00024893,-0.00094991,0.0071131,0.00099003,-0.000503,0.00098186,0.00083624,-0.0016946,-0.00095104,-0.0014378,0.0009886,0.0021685,0.00042336,-0.00079657,0.00099003,0.0051607,-0.00051381,0.0013812,-0.0010383,0.00044496,-0.00054174,-0.00020177,0.00056447,-0.00039624,0.0020281,0.00082142,-0.000503,-0.00051381,0.0024586,0.0010646,-0.0008785,0.00011622,0.00034561,0.00041908,0.00043174,0.0019967,0.0011243,-0.00011891,0.00098186,0.0013812,0.0010646,0.0044615
0.0025821,0.00046018,-0.00018119,-4.8746e-05,0.0010311,0.0001569,-0.0014139,-0.00084112,-0.00054954,0.00088509,-0.0011,-0.00093097,0.00046018,0.004197,-5.0298e-06,0.0015598,0.0017132,-0.00065538,0.001028,0.00039639,-0.001292,-0.0017954,0.00047111,0.00012311,-0.00018119,-5.0298e-06,0.0028552,-0.00092364,-0.0010016,0.00088907,3.8675e-06,-0.00046769,-0.00011731,-0.0010078,-0.00057441,0.0003667,-4.8746e-05,0.0015598,-0.00092364,0.0055886,-0.00052272,7.6129e-05,-0.0015703,0.00058799,0.00025348,-0.0015226,-0.00021441,0.00044352,0.0010311,0.0017132,-0.0010016,-0.00052272,0.0033037,-0.00011588,0.00066715,0.00036215,-0.0012667,0.0010469,0.00059882,0.00045783,0.0001569,-0.00065538,0.00088907,7.6129e-05,-0.00011588,0.0033362,-0.00024579,0.00042691,-0.001205,0.0022988,-0.00042033,0.0021166,-0.0014139,0.001028,3.8675e-06,-0.0015703,0.00066715,-0.00024579,0.0035953,0.00064759,0.00026418,0.00044912,0.0021495,0.0011917,-0.00084112,0.00039639,-0.00046769,0.00058799,0.00036215,0.00042691,0.00064759,0.0033193,-0.001007,-0.00084369,0.00087051,-0.00012658,-0.00054954,-0.001292,-0.00011731,0.00025348,-0.0012667,-0.001205,0.00026418,-0.001007,0.007539,0.0010493,-0.00053333,0.0010414,0.00088509,-0.0017954,-0.0010078,-0.0015226,0.0010469,0.0022988,0.00044912,-0.00084369,0.0010493,0.0054688,-0.00054419,0.0014645,-0.0011,0.00047111,-0.00057441,-0.00021441,0.00059882,-0.00042033,0.0021495,0.00087051,-0.00053333,-0.00054419,0.002606,0.0011278,-0.00093097,0.00012311,0.0003667,0.00044352,0.00045783,0.0021166,0.0011917,-0.00012658,0.0010414,0.0014645,0.0011278,0.0047293
0.0027104,0.00048379,-0.00019017,-5.0354e-05,0.0010823,0.00016479,-0.0014844,-0.00088274,-0.00057739,0.00092848,-0.0011547,-0.0009774,0.00048379,0.0044065,-5.2111e-06,0.0016371,0.0017991,-0.00068817,0.0010792,0.00041583,-0.0013561,-0.0018846,0.00049432,0.00012922,-0.00019017,-5.2111e-06,0.0029979,-0.00096997,-0.0010515,0.00093365,3.9469e-06,-0.00049125,-0.00012323,-0.001058,-0.00060327,0.0003853,-5.0354e-05,0.0016371,-0.00096997,0.0058669,-0.00054828,7.9837e-05,-0.0016493,0.00061681,0.0002662,-0.0015978,-0.0002255,0.00046525,0.0010823,0.0017991,-0.0010515,-0.00054828,0.0034683,-0.00012158,0.00070055,0.00038075,-0.0013296,0.0010986,0.00062912,0.00048088,0.00016479,-0.00068817,0.00093365,7.9837e-05,-0.00012158,0.0035031,-0.00025807,0.00044812,-0.0012652,0.002414,-0.00044159,0.0022226,-0.0014844,0.0010792,3.9469e-06,-0.0016493,0.00070055,-0.00025807,0.0037749,0.00067973,0.00027762,0.00047186,0.0022569,0.0012513,-0.00088274,0.00041583,-0.00049125,0.00061681,0.00038075,0.00044812,0.00067973,0.0034851,-0.0010574,-0.00088545,0.00091396,-0.00013327,-0.00057739,-0.0013561,-0.00012323,0.0002662,-0.0013296,-0.0012652,0.00027762,-0.0010574,0.0079157,0.0011018,-0.00056012,0.0010939,0.00092848,-0.0018846,-0.001058,-0.0015978,0.0010986,0.002414,0.00047186,-0.00088545,0.0011018,0.0057415,-0.00057112,0.0015381,-0.0011547,0.00049432,-0.00060327,-0.0002255,0.00062912,-0.00044159,0.0022569,0.00091396,-0.00056012,-0.00057112,0.0027364,0.0011838,-0.0009774,0.00012922,0.0003853,0.00046525,0.00048088,0.0022226,0.0012513,-0.00013327,0.0010939,0.0015381,0.0011838,0.0049661
0.0028219,0.0005042,-0.00019798,-5.1879e-05,0.0011268,0.00017163,-0.0015456,-0.00091894,-0.00060151,0.00096629,-0.0012023,-0.0010177,0.0005042,0.0045885,-5.3795e-06,0.0017042,0.0018736,-0.00071664,0.0011237,0.00043276,-0.0014118,-0.0019622,0.00051452,0.00013453,-0.00019798,-5.3795e-06,0.0031218,-0.0010102,-0.0010949,0.00097233,4.0337e-06,-0.00051168,-0.00012836,-0.0011016,-0.00062831,0.00040141,-5.1879e-05,0.0017042,-0.0010102,0.0061087,-0.00057057,8.3072e-05,-0.0017177,0.00064192,0.00027723,-0.0016633,-0.00023507,0.00048418,0.0011268,0.0018736,-0.0010949,-0.00057057,0.0036113,-0.00012654,0.00072955,0.00039682,-0.0013843,0.0011436,0.00065538,0.00050087,0.00017163,-0.00071664,0.00097233,8.3072e-05,-0.00012654,0.0036479,-0.00026872,0.00046655,-0.0013176,0.002514,-0.00046001,0.0023145,-0.0015456,0.0011237,4.0337e-06,-0.0017177,0.00072955,-0.00026872,0.0039308,0.00070767,0.00028926,0.00049155,0.0023502,0.0013031,-0.00091894,0.00043276,-0.00051168,0.00064192,0.00039682,0.00046655,0.00070767,0.0036291,-0.0011012,-0.00092178,0.00095168,-0.00013903,-0.00060151,-0.0014118,-0.00012836,0.00027723,-0.0013843,-0.0013176,0.00028926,-0.0011012,0.0082428,0.0011473,-0.00058336,0.0011394,0.00096629,-0.0019622,-0.0011016,-0.0016633,0.0011436,0.002514,0.00049155,-0.00092178,0.0011473,0.0059783,-0.00059454,0.001602,-0.0012023,0.00051452,-0.00062831,-0.00023507,0.00065538,-0.00046001,0.0023502,0.00095168,-0.00058336,-0.00059454,0.0028495,0.0012325,-0.0010177,0.00013453,0.00040141,0.00048418,0.00050087,0.0023145,0.0013031,-0.00013903,0.0011394,0.001602,0.0012325,0.0051717
0.0029171,0.00052155,-0.00020465,-5.327e-05,0.0011649,0.00017747,-0.0015979,-0.00094988,-0.00062206,0.00099866,-0.0012429,-0.0010522,0.00052155,0.0047438,-5.5307e-06,0.0017616,0.0019372,-0.00074093,0.0011616,0.00044725,-0.0014595,-0.0020284,0.0005318,0.00013907,-0.00020465,-5.5307e-06,0.0032275,-0.0010445,-0.001132,0.0010053,4.1199e-06,-0.0005291,-0.00013274,-0.0011389,-0.00064966,0.00041513,-5.327e-05,0.0017616,-0.0010445,0.0063152,-0.00058965,8.5844e-05,-0.0017761,0.00066342,0.00028665,-0.0017192,-0.0002432,0.00050039,0.0011649,0.0019372,-0.001132,-0.00058965,0.0037334,-0.00013078,0.00075429,0.00041048,-0.0014311,0.0011821,0.00067775,0.00051791,0.00017747,-0.00074093,0.0010053,8.5844e-05,-0.00013078,0.0037716,-0.00027782,0.0004823,-0.0013622,0.0025993,-0.0004757,0.0023931,-0.0015979,0.0011616,4.1199e-06,-0.0017761,0.00075429,-0.00027782,0.0040639,0.00073155,0.00029916,0.00050833,0.0024298,0.0013473,-0.00094988,0.00044725,-0.0005291,0.00066342,0.00041048,0.0004823,0.00073155,0.003752,-0.0011386,-0.00095283,0.0009839,-0.0001439,-0.00062206,-0.0014595,-0.00013274,0.00028665,-0.0014311,-0.0013622,0.00029916,-0.0011386,0.0085221,0.0011862,-0.00060319,0.0011782,0.00099866,-0.0020284,-0.0011389,-0.0017192,0.0011821,0.0025993,0.00050833,-0.00095283,0.0011862,0.0061805,-0.00061457,0.0016565,-0.0012429,0.0005318,-0.00064966,-0.0002432,0.00067775,-0.0004757,0.0024298,0.0009839,-0.00060319,-0.00061457,0.0029461,0.0012741,-0.0010522,0.00013907,0.00041513,0.00050039,0.00051791,0.0023931,0.0013473,-0.0001439,0.0011782,0.0016565,0.0012741,0.0053471
0.0029973,0.00053609,-0.00021027,-5.4499e-05,0.0011968,0.00018237,-0.0016419,-0.00097593,-0.00063931,0.0010259,-0.0012771,-0.0010811,0.00053609,0.0048744,-5.663e-06,0.00181,0.0019907,-0.00076136,0.0011936,0.00045947,-0.0014995,-0.0020842,0.00054636,0.00014289,-0.00021027,-5.663e-06,0.0033164,-0.0010733,-0.0011631,0.0010331,4.2007e-06,-0.00054373,-0.00013641,-0.0011702,-0.0006676,0.00042664,-5.4499e-05,0.00181,-0.0010733,0.0064889,-0.00060573,8.8181e-05,-0.0018251,0.00068153,0.00029456,-0.0017663,-0.00025001,0.00051405,0.0011968,0.0019907,-0.0011631,-0.00060573,0.0038361,-0.00013436,0.00077509,0.00042193,-0.0014704,0.0012145,0.00069653,0.00053223,0.00018237,-0.00076136,0.0010331,8.8181e-05,-0.00013436,0.0038755,-0.00028547,0.00049555,-0.0013998,0.002671,-0.00048888,0.002459,-0.0016419,0.0011936,4.2007e-06,-0.0018251,0.00077509,-0.00028547,0.0041758,0.00075163,0.00030747,0.00052241,0.0024967,0.0013844,-0.00097593,0.00045947,-0.00054373,0.00068153,0.00042193,0.00049555,0.00075163,0.0038553,-0.00117,-0.00097897,0.001011,-0.00014797,-0.00063931,-0.0014995,-0.00013641,0.00029456,-0.0014704,-0.0013998,0.00030747,-0.00117,0.0087569,0.0012189,-0.00061985,0.0012108,0.0010259,-0.0020842,-0.0011702,-0.0017663,0.0012145,0.002671,0.00052241,-0.00097897,0.0012189,0.0063506,-0.00063142,0.0017022,-0.0012771,0.00054636,-0.0006676,-0.00025001,0.00069653,-0.00048888,0.0024967,0.001011,-0.00061985,-0.00063142,0.0030273,0.0013091,-0.0010811,0.00014289,0.00042664,0.00051405,0.00053223,0.002459,0.0013844,-0.00014797,0.0012108,0.0017022,0.0013091,0.0054945
0.0030638,0.00054813,-0.00021493,-5.5559e-05,0.0012234,0.00018643,-0.0016784,-0.00099756,-0.00065359,0.0010486,-0.0013054,-0.0011052,0.00054813,0.0049828,-5.776e-06,0.0018501,0.002035,-0.00077829,0.0012201,0.00046961,-0.0015328,-0.0021304,0.00055844,0.00014605,-0.00021493,-5.776e-06,0.0033901,-0.0010972,-0.001189,0.0010561,4.2731e-06,-0.00055586,-0.00013946,-0.0011962,-0.00068248,0.00043618,-5.5559e-05,0.0018501,-0.0010972,0.006633,-0.0006191,9.0124e-05,-0.0018658,0.00069658,0.00030112,-0.0018055,-0.00025564,0.0005254,0.0012234,0.002035,-0.001189,-0.0006191,0.0039213,-0.00013733,0.00079234,0.0004314,-0.001503,0.0012414,0.00071209,0.00054409,0.00018643,-0.00077829,0.0010561,9.0124e-05,-0.00013733,0.0039617,-0.00029182,0.00050655,-0.0014309,0.0027304,-0.0004998,0.0025138,-0.0016784,0.0012201,4.2731e-06,-0.0018658,0.00079234,-0.00029182,0.0042687,0.00076831,0.00031435,0.00053408,0.0025522,0.0014152,-0.00099756,0.00046961,-0.00055586,0.00069658,0.0004314,0.00050655,0.00076831,0.0039411,-0.001196,-0.0010007,0.0010335,-0.00015133,-0.00065359,-0.0015328,-0.00013946,0.00030112,-0.001503,-0.0014309,0.00031435,-0.001196,0.0089516,0.001246,-0.00063365,0.0012378,0.0010486,-0.0021304,-0.0011962,-0.0018055,0.0012414,0.0027304,0.00053408,-0.0010007,0.001246,0.0064917,-0.00064541,0.0017401,-0.0013054,0.00055844,-0.00068248,-0.00025564,0.00071209,-0.0004998,0.0025522,0.0010335,-0.00063365,-0.00064541,0.0030946,0.0013381,-0.0011052,0.00014605,0.00043618,0.0005254,0.00054409,0.0025138,0.0014152,-0.00015133,0.0012378,0.0017401,0.0013381,0.0056168
0.0031183,0.00055797,-0.00021875,-5.6452e-05,0.0012452,0.00018976,-0.0017083,-0.0010153,-0.00066529,0.0010672,-0.0013286,-0.0011248,0.00055797,0.0050715,-5.8708e-06,0.001883,0.0020713,-0.00079217,0.0012418,0.00047794,-0.0015601,-0.0021683,0.00056836,0.00014865,-0.00021875,-5.8708e-06,0.0034505,-0.0011168,-0.0012102,0.0010749,4.3361e-06,-0.00056579,-0.00014195,-0.0012175,-0.00069466,0.00044398,-5.6452e-05,0.001883,-0.0011168,0.0067512,-0.00063007,9.1719e-05,-0.0018991,0.00070893,0.00030649,-0.0018375,-0.00026024,0.00053471,0.0012452,0.0020713,-0.0012102,-0.00063007,0.0039911,-0.00013977,0.00080647,0.00043915,-0.0015298,0.0012635,0.00072482,0.00055381,0.00018976,-0.00079217,0.0010749,9.1719e-05,-0.00013977,0.0040324,-0.00029702,0.00051556,-0.0014564,0.0027791,-0.00050873,0.0025586,-0.0017083,0.0012418,4.3361e-06,-0.0018991,0.00080647,-0.00029702,0.0043447,0.00078198,0.00031999,0.00054363,0.0025977,0.0014404,-0.0010153,0.00047794,-0.00056579,0.00070893,0.00043915,0.00051556,0.00078198,0.0040113,-0.0012173,-0.0010185,0.0010519,-0.00015407,-0.00066529,-0.0015601,-0.00014195,0.00030649,-0.0015298,-0.0014564,0.00031999,-0.0012173,0.0091111,0.0012682,-0.00064497,0.00126,0.0010672,-0.0021683,-0.0012175,-0.0018375,0.0012635,0.0027791,0.00054363,-0.0010185,0.0012682,0.0066073,-0.00065689,0.0017712,-0.0013286,0.00056836,-0.00069466,-0.00026024,0.00072482,-0.00050873,0.0025977,0.0010519,-0.00064497,-0.00065689,0.0031498,0.0013619,-0.0011248,0.00014865,0.00044398,0.00053471,0.00055381,0.0025586,0.0014404,-0.00015407,0.00126,0.0017712,0.0013619,0.005717
0.0031625,0.00056593,-0.00022185,-5.7194e-05,0.0012628,0.00019246,-0.0017325,-0.0010297,-0.00067476,0.0010823,-0.0013475,-0.0011408,0.00056593,0.0051435,-5.9491e-06,0.0019097,0.0021007,-0.00080342,0.0012594,0.0004847,-0.0015822,-0.0021991,0.0005764,0.00015076,-0.00022185,-5.9491e-06,0.0034995,-0.0011326,-0.0012273,0.0010902,4.3893e-06,-0.00057383,-0.00014397,-0.0012348,-0.00070453,0.0004503,-5.7194e-05,0.0019097,-0.0011326,0.0068469,-0.00063897,9.3014e-05,-0.0019261,0.00071895,0.00031084,-0.0018636,-0.00026396,0.00054227,0.0012628,0.0021007,-0.0012273,-0.00063897,0.0040477,-0.00014175,0.00081792,0.00044542,-0.0015514,0.0012814,0.00073514,0.00056168,0.00019246,-0.00080342,0.0010902,9.3014e-05,-0.00014175,0.0040896,-0.00030124,0.00052287,-0.0014771,0.0028186,-0.00051597,0.0025949,-0.0017325,0.0012594,4.3893e-06,-0.0019261,0.00081792,-0.00030124,0.0044064,0.00079306,0.00032455,0.00055137,0.0026346,0.0014609,-0.0010297,0.0004847,-0.00057383,0.00071895,0.00044542,0.00052287,0.00079306,0.0040682,-0.0012346,-0.0010329,0.0010668,-0.00015628,-0.00067476,-0.0015822,-0.00014397,0.00031084,-0.0015514,-0.0014771,0.00032455,-0.0012346,0.0092405,0.0012862,-0.00065413,0.0012779,0.0010823,-0.0021991,-0.0012348,-0.0018636,0.0012814,0.0028186,0.00055137,-0.0010329,0.0012862,0.0067011,-0.00066619,0.0017964,-0.0013475,0.0005764,-0.00070453,-0.00026396,0.00073514,-0.00051597,0.0026346,0.0010668,-0.00065413,-0.00066619,0.0031945,0.0013812,-0.0011408,0.00015076,0.0004503,0.00054227,0.00056168,0.0025949,0.0014609,-0.00015628,0.0012779,0.0017964,0.0013812,0.0057982
0.003198,0.00057232,-0.00022434,-5.7799e-05,0.001277,0.00019462,-0.001752,-0.0010412,-0.00068236,0.0010944,-0.0013626,-0.0011536,0.00057232,0.0052013,-6.0128e-06,0.0019311,0.0021243,-0.00081245,0.0012735,0.00049013,-0.0015999,-0.0022238,0.00058286,0.00015245,-0.00022434,-6.0128e-06,0.0035388,-0.0011454,-0.0012411,0.0011024,4.4336e-06,-0.00058029,-0.00014559,-0.0012487,-0.00071245,0.00045538,-5.7799e-05,0.0019311,-0.0011454,0.0069238,-0.00064613,9.4055e-05,-0.0019477,0.00072701,0.00031434,-0.0018845,-0.00026694,0.00054834,0.001277,0.0021243,-0.0012411,-0.00064613,0.0040932,-0.00014333,0.00082712,0.00045045,-0.0015689,0.0012957,0.00074341,0.000568,0.00019462,-0.00081245,0.0011024,9.4055e-05,-0.00014333,0.0041356,-0.00030462,0.00052874,-0.0014937,0.0028503,-0.00052178,0.0026241,-0.001752,0.0012735,4.4336e-06,-0.0019477,0.00082712,-0.00030462,0.0044559,0.00080196,0.0003282,0.00055758,0.0026642,0.0014773,-0.0010412,0.00049013,-0.00058029,0.00072701,0.00045045,0.00052874,0.00080196,0.0041139,-0.0012485,-0.0010445,0.0010788,-0.00015805,-0.00068236,-0.0015999,-0.00014559,0.00031434,-0.0015689,-0.0014937,0.0003282,-0.0012485,0.0093443,0.0013007,-0.00066149,0.0012923,0.0010944,-0.0022238,-0.0012487,-0.0018845,0.0012957,0.0028503,0.00055758,-0.0010445,0.0013007,0.0067763,-0.00067367,0.0018166,-0.0013626,0.00058286,-0.00071245,-0.00026694,0.00074341,-0.00052178,0.0026642,0.0010788,-0.00066149,-0.00067367,0.0032304,0.0013967,-0.0011536,0.00015245,0.00045538,0.00054834,0.000568,0.0026241,0.0014773,-0.00015805,0.0012923,0.0018166,0.0013967,0.0058633
0.0032263,0.0005774,-0.00022632,-5.8288e-05,0.0012883,0.00019634,-0.0017675,-0.0010504,-0.0006884,0.001104,-0.0013746,-0.0011638,0.0005774,0.0052473,-6.064e-06,0.0019481,0.0021431,-0.00081963,0.0012848,0.00049445,-0.0016141,-0.0022434,0.00058801,0.0001538,-0.00022632,-6.064e-06,0.0035701,-0.0011555,-0.0012521,0.0011122,4.4697e-06,-0.00058542,-0.00014688,-0.0012597,-0.00071876,0.00045941,-5.8288e-05,0.0019481,-0.0011555,0.006985,-0.00065182,9.4884e-05,-0.001965,0.00073342,0.00031712,-0.0019011,-0.00026931,0.00055318,0.0012883,0.0021431,-0.0012521,-0.00065182,0.0041294,-0.0001446,0.00083443,0.00045444,-0.0015827,0.0013072,0.00075,0.00057303,0.00019634,-0.00081963,0.0011122,9.4884e-05,-0.0001446,0.0041721,-0.00030731,0.00053341,-0.0015069,0.0028755,-0.0005264,0.0026473,-0.0017675,0.0012848,4.4697e-06,-0.001965,0.00083443,-0.00030731,0.0044953,0.00080904,0.00033111,0.00056252,0.0026877,0.0014903,-0.0010504,0.00049445,-0.00058542,0.00073342,0.00045444,0.00053341,0.00080904,0.0041503,-0.0012595,-0.0010537,0.0010883,-0.00015946,-0.0006884,-0.0016141,-0.00014688,0.00031712,-0.0015827,-0.0015069,0.00033111,-0.0012595,0.0094269,0.0013122,-0.00066734,0.0013037,0.001104,-0.0022434,-0.0012597,-0.0019011,0.0013072,0.0028755,0.00056252,-0.0010537,0.0013122,0.0068362,-0.00067961,0.0018327,-0.0013746,0.00058801,-0.00071876,-0.00026931,0.00075,-0.0005264,0.0026877,0.0010883,-0.00066734,-0.00067961,0.003259,0.0014091,-0.0011638,0.0001538,0.00045941,0.00055318,0.00057303,0.0026473,0.0014903,-0.00015946,0.0013037,0.0018327,0.0014091,0.0059152
0.0032486,0.0005814,-0.00022789,-5.8677e-05,0.0012972,0.0001977,-0.0017797,-0.0010577,-0.00069317,0.0011117,-0.0013841,-0.0011719,0.0005814,0.0052836,-6.1048e-06,0.0019616,0.0021579,-0.0008253,0.0012937,0.00049786,-0.0016252,-0.0022589,0.00059207,0.00015486,-0.00022789,-6.1048e-06,0.0035948,-0.0011635,-0.0012608,0.0011199,4.4987e-06,-0.00058948,-0.00014789,-0.0012684,-0.00072373,0.00046259,-5.8677e-05,0.0019616,-0.0011635,0.0070333,-0.00065632,9.5538e-05,-0.0019786,0.00073848,0.00031931,-0.0019142,-0.00027118,0.000557,0.0012972,0.0021579,-0.0012608,-0.00065632,0.0041579,-0.0001456,0.0008402,0.0004576,-0.0015937,0.0013162,0.00075519,0.00057699,0.0001977,-0.0008253,0.0011199,9.5538e-05,-0.0001456,0.004201,-0.00030944,0.0005371,-0.0015173,0.0028954,-0.00053005,0.0026656,-0.0017797,0.0012937,4.4987e-06,-0.0019786,0.0008402,-0.00030944,0.0045264,0.00081464,0.0003334,0.00056641,0.0027063,0.0015007,-0.0010577,0.00049786,-0.00058948,0.00073848,0.0004576,0.0005371,0.00081464,0.004179,-0.0012683,-0.001061,0.0010958,-0.00016057,-0.00069317,-0.0016252,-0.00014789,0.00031931,-0.0015937,-0.0015173,0.0003334,-0.0012683,0.0094921,0.0013213,-0.00067196,0.0013127,0.0011117,-0.0022589,-0.0012684,-0.0019142,0.0013162,0.0028954,0.00056641,-0.001061,0.0013213,0.0068835,-0.00068431,0.0018453,-0.0013841,0.00059207,-0.00072373,-0.00027118,0.00075519,-0.00053005,0.0027063,0.0010958,-0.00067196,-0.00068431,0.0032815,0.0014188,-0.0011719,0.00015486,0.00046259,0.000557,0.00057699,0.0026656,0.0015007,-0.00016057,0.0013127,0.0018453,0.0014188,0.0059561
0.003266,0.00058454,-0.00022911,-5.8985e-05,0.0013042,0.00019877,-0.0017893,-0.0010634,-0.00069691,0.0011176,-0.0013916,-0.0011782,0.00058454,0.005312,-6.137e-06,0.0019721,0.0021695,-0.00082974,0.0013006,0.00050054,-0.001634,-0.0022711,0.00059525,0.00015569,-0.00022911,-6.137e-06,0.0036142,-0.0011698,-0.0012675,0.0011259,4.5218e-06,-0.00059265,-0.00014869,-0.0012753,-0.00072763,0.00046508,-5.8985e-05,0.0019721,-0.0011698,0.0070711,-0.00065985,9.6052e-05,-0.0019892,0.00074245,0.00032103,-0.0019245,-0.00027265,0.00055999,0.0013042,0.0021695,-0.0012675,-0.00065985,0.0041803,-0.00014638,0.00084473,0.00046006,-0.0016022,0.0013233,0.00075926,0.0005801,0.00019877,-0.00082974,0.0011259,9.6052e-05,-0.00014638,0.0042236,-0.0003111,0.00053999,-0.0015255,0.002911,-0.0005329,0.00268,-0.0017893,0.0013006,4.5218e-06,-0.0019892,0.00084473,-0.0003111,0.0045508,0.00081902,0.0003352,0.00056946,0.0027209,0.0015087,-0.0010634,0.00050054,-0.00059265,0.00074245,0.00046006,0.00053999,0.00081902,0.0042015,-0.0012751,-0.0010667,0.0011017,-0.00016144,-0.00069691,-0.001634,-0.00014869,0.00032103,-0.0016022,-0.0015255,0.0003352,-0.0012751,0.0095432,0.0013284,-0.00067558,0.0013198,0.0011176,-0.0022711,-0.0012753,-0.0019245,0.0013233,0.002911,0.00056946,-0.0010667,0.0013284,0.0069206,-0.00068799,0.0018553,-0.0013916,0.00059525,-0.00072763,-0.00027265,0.00075926,-0.0005329,0.0027209,0.0011017,-0.00067558,-0.00068799,0.0032992,0.0014265,-0.0011782,0.00015569,0.00046508,0.00055999,0.0005801,0.00268,0.0015087,-0.00016144,0.0013198,0.0018553,0.0014265,0.0059882
0.0032797,0.00058697,-0.00023007,-5.9226e-05,0.0013096,0.0001996,-0.0017967,-0.0010678,-0.00069981,0.0011223,-0.0013974,-0.0011831,0.00058697,0.0053341,-6.1622e-06,0.0019804,0.0021786,-0.0008332,0.0013061,0.00050262,-0.0016408,-0.0022805,0.00059773,0.00015634,-0.00023007,-6.1622e-06,0.0036292,-0.0011746,-0.0012728,0.0011306,4.54e-06,-0.00059512,-0.00014931,-0.0012806,-0.00073066,0.00046702,-5.9226e-05,0.0019804,-0.0011746,0.0071006,-0.0006626,9.6451e-05,-0.0019975,0.00074554,0.00032237,-0.0019325,-0.00027378,0.00056232,0.0013096,0.0021786,-0.0012728,-0.0006626,0.0041977,-0.00014699,0.00084825,0.00046198,-0.0016089,0.0013288,0.00076243,0.00058252,0.0001996,-0.0008332,0.0011306,9.6451e-05,-0.00014699,0.0042412,-0.0003124,0.00054224,-0.0015318,0.0029231,-0.00053512,0.0026911,-0.0017967,0.0013061,4.54e-06,-0.0019975,0.00084825,-0.0003124,0.0045697,0.00082243,0.0003366,0.00057184,0.0027322,0.001515,-0.0010678,0.00050262,-0.00059512,0.00074554,0.00046198,0.00054224,0.00082243,0.004219,-0.0012804,-0.0010711,0.0011063,-0.00016211,-0.00069981,-0.0016408,-0.00014931,0.00032237,-0.0016089,-0.0015318,0.0003366,-0.0012804,0.009583,0.0013339,-0.00067839,0.0013253,0.0011223,-0.0022805,-0.0012806,-0.0019325,0.0013288,0.0029231,0.00057184,-0.0010711,0.0013339,0.0069494,-0.00069086,0.001863,-0.0013974,0.00059773,-0.00073066,-0.00027378,0.00076243,-0.00053512,0.0027322,0.0011063,-0.00067839,-0.00069086,0.0033129,0.0014324,-0.0011831,0.00015634,0.00046702,0.00056232,0.00058252,0.0026911,0.001515,-0.00016211,0.0013253,0.001863,0.0014324,0.0060131
0.0032902,0.00058886,-0.00023081,-5.9413e-05,0.0013138,0.00020024,-0.0018025,-0.0010712,-0.00070206,0.0011259,-0.0014019,-0.0011869,0.00058886,0.0053512,-6.1817e-06,0.0019867,0.0021856,-0.00083587,0.0013103,0.00050423,-0.001646,-0.0022879,0.00059965,0.00015684,-0.00023081,-6.1817e-06,0.0036409,-0.0011784,-0.0012769,0.0011342,4.5542e-06,-0.00059703,-0.00014979,-0.0012847,-0.00073301,0.00046852,-5.9413e-05,0.0019867,-0.0011784,0.0071234,-0.00066472,9.676e-05,-0.0020039,0.00074793,0.00032341,-0.0019387,-0.00027466,0.00056412,0.0013138,0.0021856,-0.0012769,-0.00066472,0.0042112,-0.00014746,0.00085097,0.00046347,-0.0016141,0.0013331,0.00076487,0.00058439,0.00020024,-0.00083587,0.0011342,9.676e-05,-0.00014746,0.0042548,-0.0003134,0.00054398,-0.0015368,0.0029325,-0.00053684,0.0026998,-0.0018025,0.0013103,4.5542e-06,-0.0020039,0.00085097,-0.0003134,0.0045844,0.00082507,0.00033768,0.00057367,0.002741,0.0015199,-0.0010712,0.00050423,-0.00059703,0.00074793,0.00046347,0.00054398,0.00082507,0.0042326,-0.0012845,-0.0010746,0.0011099,-0.00016264,-0.00070206,-0.001646,-0.00014979,0.00032341,-0.0016141,-0.0015368,0.00033768,-0.0012845,0.0096137,0.0013382,-0.00068057,0.0013295,0.0011259,-0.0022879,-0.0012847,-0.0019387,0.0013331,0.0029325,0.00057367,-0.0010746,0.0013382,0.0069717,-0.00069307,0.001869,-0.0014019,0.00059965,-0.00073301,-0.00027466,0.00076487,-0.00053684,0.002741,0.0011099,-0.00068057,-0.00069307,0.0033236,0.001437,-0.0011869,0.00015684,0.00046852,0.00056412,0.00058439,0.0026998,0.0015199,-0.00016264,0.0013295,0.001869,0.001437,0.0060324
0.0032983,0.00059031,-0.00023137,-5.9558e-05,0.001317,0.00020073,-0.0018069,-0.0010739,-0.00070379,0.0011287,-0.0014053,-0.0011898,0.00059031,0.0053644,-6.1968e-06,0.0019916,0.002191,-0.00083793,0.0013135,0.00050547,-0.0016501,-0.0022935,0.00060112,0.00015723,-0.00023137,-6.1968e-06,0.0036498,-0.0011813,-0.00128,0.001137,4.5652e-06,-0.0005985,-0.00015016,-0.0012878,-0.00073481,0.00046968,-5.9558e-05,0.0019916,-0.0011813,0.0071409,-0.00066635,9.6998e-05,-0.0020089,0.00074977,0.0003242,-0.0019435,-0.00027534,0.00056551,0.001317,0.002191,-0.00128,-0.00066635,0.0042215,-0.00014782,0.00085306,0.00046461,-0.001618,0.0013363,0.00076675,0.00058583,0.00020073,-0.00083793,0.001137,9.6998e-05,-0.00014782,0.0042653,-0.00031417,0.00054532,-0.0015405,0.0029397,-0.00053816,0.0027064,-0.0018069,0.0013135,4.5652e-06,-0.0020089,0.00085306,-0.00031417,0.0045957,0.0008271,0.00033851,0.00057509,0.0027478,0.0015236,-0.0010739,0.00050547,-0.0005985,0.00074977,0.00046461,0.00054532,0.0008271,0.004243,-0.0012877,-0.0010772,0.0011126,-0.00016304,-0.00070379,-0.0016501,-0.00015016,0.0003242,-0.001618,-0.0015405,0.00033851,-0.0012877,0.0096373,0.0013415,-0.00068224,0.0013328,0.0011287,-0.0022935,-0.0012878,-0.0019435,0.0013363,0.0029397,0.00057509,-0.0010772,0.0013415,0.0069888,-0.00069478,0.0018736,-0.0014053,0.00060112,-0.00073481,-0.00027534,0.00076675,-0.00053816,0.0027478,0.0011126,-0.00068224,-0.00069478,0.0033317,0.0014405,-0.0011898,0.00015723,0.00046968,0.00056551,0.00058583,0.0027064,0.0015236,-0.00016304,0.0013328,0.0018736,0.0014405,0.0060473
