image_width: 640
image_height: 480
camera_name: depth_PS1080_PrimeSense
camera_matrix:
  rows: 3
  cols: 3
  data: [579.0281953770117, 0, 314.1095441644263, 0, 579.7730564744506, 256.154865850101, 0, 0, 1]
distortion_model: plumb_bob
distortion_coefficients:
  rows: 1
  cols: 5
  data: [-0.03458029148770695, 0.04099897889882988, 0.007770680450403902, -0.001093154902094616, 0]
rectification_matrix:
  rows: 3
  cols: 3
  data: [1, 0, 0, 0, 1, 0, 0, 0, 1]
projection_matrix:
  rows: 3
  cols: 4
  data: [578.23779296875, 0, 313.4476531894179, 0, 0, 577.1766357421875, 259.1003623620782, 0, 0, 0, 1, 0]