0.0032818,-0.0013041,-0.0010379,0.0018789,-0.0011792,0.0011087,-0.0019901,-0.00044991,0.00036545,-0.00058833,-0.0024453,0.0034655,-0.0013041,0.0022451,0.00046125,-0.00055363,0.00025094,-2.8196e-06,0.00087298,0.00048481,-0.0021279,-0.00066753,0.00083023,-0.00061956,-0.0010379,0.00046125,0.0006899,-0.00070113,0.0015695,0.00035613,0.0012165,0.00011653,-0.00014064,-0.0001591,0.00068306,-0.0014366,0.0018789,-0.00055363,-0.00070113,0.0012224,-0.0012083,0.00049167,-0.0011669,-0.0003325,-0.00023458,-0.00031942,-0.0015138,0.0021375,-0.0011792,0.00025094,0.0015695,-0.0012083,0.0050728,0.0018776,0.0023654,0.0005821,0.00046645,-0.00091823,0.001246,-0.0027354,0.0011087,-2.8196e-06,0.00035613,0.00049167,0.0018776,0.0018836,0.00054765,-0.00017547,-0.00039364,-0.0010699,-0.0010831,0.00064704,-0.0019901,0.00087298,0.0012165,-0.0011669,0.0023654,0.00054765,0.0024902,-0.00010712,-0.00063584,-0.00015483,0.00096134,-0.0026788,-0.00044991,0.00048481,0.00011653,-0.0003325,0.0005821,-0.00017547,-0.00010712,0.00080249,-0.00019194,-0.00021499,0.0010839,-0.00053996,0.00036545,-0.0021279,-0.00014064,-0.00023458,0.00046645,-0.00039364,-0.00063584,-0.00019194,0.0029128,0.00093503,9.5094e-05,-0.00032923,-0.00058833,-0.00066753,-0.0001591,-0.00031942,-0.00091823,-0.0010699,-0.00015483,-0.00021499,0.00093503,0.00093857,0.00041258,-0.00062343,-0.0024453,0.00083023,0.00068306,-0.0015138,0.001246,-0.0010831,0.00096134,0.0010839,9.5094e-05,0.00041258,0.0027446,-0.0028481,0.0034655,-0.00061956,-0.0014366,0.0021375,-0.0027354,0.00064704,-0.0026788,-0.00053996,-0.00032923,-0.00062343,-0.0028481,0.0046063
0.0033203,-0.0013143,-0.0010578,0.0019037,-0.0012206,0.0011074,-0.0020266,-0.0004539,0.00036415,-0.00059053,-0.0024729,0.0035171,-0.0013143,0.0022223,0.00046715,-0.0005662,0.0002766,-7.2783e-06,0.00087784,0.00048861,-0.0020916,-0.00065618,0.00084754,-0.00064652,-0.0010578,0.00046715,0.00069338,-0.00071231,0.0015686,0.00034323,0.001223,0.00012034,-0.00013976,-0.00015213,0.0007001,-0.0014558,0.0019037,-0.0005662,-0.00071231,0.0012375,-0.0012294,0.00049296,-0.001187,-0.00033755,-0.00022901,-0.00031903,-0.001533,0.0021666,-0.0012206,0.0002766,0.0015686,-0.0012294,0.0050458,0.0018368,0.0023611,0.00059924,0.0004565,-0.00090426,0.0012892,-0.0027617,0.0011074,-7.2783e-06,0.00034323,0.00049296,0.0018368,0.0018554,0.00052334,-0.00017199,-0.00038506,-0.0010555,-0.0010754,0.00065751,-0.0020266,0.00087784,0.001223,-0.001187,0.0023611,0.00052334,0.002505,-0.00010583,-0.00062977,-0.0001381,0.00098781,-0.0027158,-0.0004539,0.00048861,0.00012034,-0.00033755,0.00059924,-0.00017199,-0.00010583,0.00081168,-0.0001899,-0.00021966,0.0010956,-0.0005475,0.00036415,-0.0020916,-0.00013976,-0.00022901,0.0004565,-0.00038506,-0.00062977,-0.0001899,0.0028659,0.00091754,8.811e-05,-0.00031476,-0.00059053,-0.00065618,-0.00015213,-0.00031903,-0.00090426,-0.0010555,-0.0001381,-0.00021966,0.00091754,0.00092934,0.00040501,-0.00062702,-0.0024729,0.00084754,0.0007001,-0.001533,0.0012892,-0.0010754,0.00098781,0.0010956,8.811e-05,0.00040501,0.0027713,-0.0028851,0.0035171,-0.00064652,-0.0014558,0.0021666,-0.0027617,0.00065751,-0.0027158,-0.0005475,-0.00031476,-0.00062702,-0.0028851,0.0046615
0.0033594,-0.0013247,-0.0010779,0.0019289,-0.0012624,0.0011063,-0.0020635,-0.00045797,0.00036289,-0.00059281,-0.0025009,0.0035695,-0.0013247,0.0021996,0.00047314,-0.00057892,0.00030245,-1.1764e-05,0.00088283,0.0004925,-0.0020552,-0.00064484,0.00086506,-0.00067371,-0.0010779,0.00047314,0.00069697,-0.00072364,0.0015679,0.00033029,0.0012296,0.00012419,-0.00013889,-0.00014514,0.00071733,-0.0014754,0.0019289,-0.00057892,-0.00072364,0.0012529,-0.0012506,0.00049432,-0.0012074,-0.00034267,-0.00022343,-0.00031867,-0.0015524,0.0021962,-0.0012624,0.00030245,0.0015679,-0.0012506,0.0050192,0.0017959,0.0023571,0.00061656,0.00044655,-0.00089031,0.0013329,-0.0027884,0.0011063,-1.1764e-05,0.00033029,0.00049432,0.0017959,0.0018273,0.00049894,-0.00016852,-0.00037648,-0.0010411,-0.0010677,0.00066812,-0.0020635,0.00088283,0.0012296,-0.0012074,0.0023571,0.00049894,0.0025202,-0.00010455,-0.00062373,-0.00012128,0.0010146,-0.0027533,-0.00045797,0.0004925,0.00012419,-0.00034267,0.00061656,-0.00016852,-0.00010455,0.00082102,-0.00018788,-0.00022439,0.0011074,-0.00055514,0.00036289,-0.0020552,-0.00013889,-0.00022343,0.00044655,-0.00037648,-0.00062373,-0.00018788,0.002819,0.00090006,8.1096e-05,-0.00030024,-0.00059281,-0.00064484,-0.00014514,-0.00031867,-0.00089031,-0.0010411,-0.00012128,-0.00022439,0.00090006,0.00092017,0.00039745,-0.00063072,-0.0025009,0.00086506,0.00071733,-0.0015524,0.0013329,-0.0010677,0.0010146,0.0011074,8.1096e-05,0.00039745,0.0027985,-0.0029228,0.0035695,-0.00067371,-0.0014754,0.0021962,-0.0027884,0.00066812,-0.0027533,-0.00055514,-0.00030024,-0.00063072,-0.0029228,0.0047175
0.0033991,-0.0013354,-0.0010983,0.0019545,-0.0013046,0.0011053,-0.0021008,-0.00046211,0.00036166,-0.00059518,-0.0025295,0.0036226,-0.0013354,0.002177,0.00047922,-0.00059178,0.00032848,-1.6276e-05,0.00088795,0.00049646,-0.002019,-0.00063352,0.00088278,-0.00070113,-0.0010983,0.00047922,0.00070066,-0.00073512,0.0015674,0.00031732,0.0012365,0.00012808,-0.00013802,-0.00013812,0.00073474,-0.0014952,0.0019545,-0.00059178,-0.00073512,0.0012685,-0.0012722,0.00049574,-0.001228,-0.00034786,-0.00021786,-0.00031835,-0.0015721,0.0022262,-0.0013046,0.00032848,0.0015674,-0.0012722,0.0049931,0.001755,0.0023534,0.00063405,0.0004366,-0.00087639,0.0013769,-0.0028156,0.0011053,-1.6276e-05,0.00031732,0.00049574,0.001755,0.0017992,0.00047448,-0.00016505,-0.0003679,-0.0010267,-0.0010601,0.00067886,-0.0021008,0.00088795,0.0012365,-0.001228,0.0023534,0.00047448,0.0025359,-0.00010327,-0.00061774,-0.00010439,0.0010416,-0.0027914,-0.00046211,0.00049646,0.00012808,-0.00034786,0.00063405,-0.00016505,-0.00010327,0.00083052,-0.00018586,-0.00022917,0.0011194,-0.00056289,0.00036166,-0.002019,-0.00013802,-0.00021786,0.0004366,-0.0003679,-0.00061774,-0.00018586,0.0027721,0.00088259,7.4053e-05,-0.00028568,-0.00059518,-0.00063352,-0.00013812,-0.00031835,-0.00087639,-0.0010267,-0.00010439,-0.00022917,0.00088259,0.00091106,0.00038989,-0.00063451,-0.0025295,0.00088278,0.00073474,-0.0015721,0.0013769,-0.0010601,0.0010416,0.0011194,7.4053e-05,0.00038989,0.0028262,-0.002961,0.0036226,-0.00070113,-0.0014952,0.0022262,-0.0028156,0.00067886,-0.0027914,-0.00056289,-0.00028568,-0.00063451,-0.002961,0.0047745
0.0034394,-0.0013463,-0.0011189,0.0019804,-0.0013471,0.0011044,-0.0021386,-0.00046633,0.00036047,-0.00059764,-0.0025585,0.0036764,-0.0013463,0.0021546,0.0004854,-0.00060477,0.00035468,-2.0813e-05,0.00089321,0.00050051,-0.0019828,-0.00062222,0.00090069,-0.00072878,-0.0011189,0.0004854,0.00070446,-0.00074675,0.0015671,0.00030433,0.0012435,0.000132,-0.00013718,-0.00013109,0.00075233,-0.0015153,0.0019804,-0.00060477,-0.00074675,0.0012844,-0.001294,0.00049723,-0.0012488,-0.00035312,-0.00021227,-0.00031807,-0.0015921,0.0022567,-0.0013471,0.00035468,0.0015671,-0.001294,0.0049675,0.0017142,0.0023499,0.0006517,0.00042666,-0.00086251,0.0014214,-0.0028434,0.0011044,-2.0813e-05,0.00030433,0.00049723,0.0017142,0.0017712,0.00044994,-0.00016158,-0.00035931,-0.0010125,-0.0010526,0.00068975,-0.0021386,0.00089321,0.0012435,-0.0012488,0.0023499,0.00044994,0.0025519,-0.000102,-0.00061179,-8.7424e-05,0.0010689,-0.0028301,-0.00046633,0.00050051,0.000132,-0.00035312,0.0006517,-0.00016158,-0.000102,0.00084016,-0.00018386,-0.000234,0.0011317,-0.00057075,0.00036047,-0.0019828,-0.00013718,-0.00021227,0.00042666,-0.00035931,-0.00061179,-0.00018386,0.0027254,0.00086514,6.6984e-05,-0.00027108,-0.00059764,-0.00062222,-0.00013109,-0.00031807,-0.00086251,-0.0010125,-8.7424e-05,-0.000234,0.00086514,0.00090201,0.00038234,-0.00063839,-0.0025585,0.00090069,0.00075233,-0.0015921,0.0014214,-0.0010526,0.0010689,0.0011317,6.6984e-05,0.00038234,0.0028544,-0.0029997,0.0036764,-0.00072878,-0.0015153,0.0022567,-0.0028434,0.00068975,-0.0028301,-0.00057075,-0.00027108,-0.00063839,-0.0029997,0.0048323
0.0034804,-0.0013574,-0.0011398,0.0020068,-0.0013901,0.0011037,-0.0021769,-0.00047063,0.00035932,-0.00060018,-0.0025879,0.0037309,-0.0013574,0.0021323,0.00049166,-0.00061791,0.00038105,-2.5373e-05,0.00089861,0.00050465,-0.0019467,-0.00061095,0.00091881,-0.00075665,-0.0011398,0.00049166,0.00070836,-0.00075853,0.001567,0.00029131,0.0012507,0.00013595,-0.00013634,-0.00012404,0.0007701,-0.0015357,0.0020068,-0.00061791,-0.00075853,0.0013004,-0.0013161,0.0004988,-0.0012699,-0.00035844,-0.00020669,-0.00031782,-0.0016124,0.0022876,-0.0013901,0.00038105,0.001567,-0.0013161,0.0049424,0.0016733,0.0023468,0.00066952,0.00041672,-0.00084868,0.0014662,-0.0028716,0.0011037,-2.5373e-05,0.00029131,0.0004988,0.0016733,0.0017434,0.00042535,-0.00015811,-0.00035074,-0.00099824,-0.0010452,0.00070077,-0.0021769,0.00089861,0.0012507,-0.0012699,0.0023468,0.00042535,0.0025683,-0.00010074,-0.00060589,-7.0388e-05,0.0010964,-0.0028692,-0.00047063,0.00050465,0.00013595,-0.00035844,0.00066952,-0.00015811,-0.00010074,0.00084996,-0.00018187,-0.00023889,0.0011441,-0.00057872,0.00035932,-0.0019467,-0.00013634,-0.00020669,0.00041672,-0.00035074,-0.00060589,-0.00018187,0.0026788,0.00084771,5.9889e-05,-0.00025644,-0.00060018,-0.00061095,-0.00012404,-0.00031782,-0.00084868,-0.00099824,-7.0388e-05,-0.00023889,0.00084771,0.00089304,0.00037481,-0.00064238,-0.0025879,0.00091881,0.0007701,-0.0016124,0.0014662,-0.0010452,0.0010964,0.0011441,5.9889e-05,0.00037481,0.002883,-0.0030391,0.0037309,-0.00075665,-0.0015357,0.0022876,-0.0028716,0.00070077,-0.0028692,-0.00057872,-0.00025644,-0.00064238,-0.0030391,0.004891
0.003522,-0.0013687,-0.0011608,0.0020334,-0.0014334,0.0011031,-0.0022156,-0.00047501,0.00035822,-0.00060281,-0.0026178,0.0037862,-0.0013687,0.0021102,0.00049801,-0.00063118,0.00040758,-2.9957e-05,0.00090415,0.00050886,-0.0019106,-0.0005997,0.00093712,-0.00078474,-0.0011608,0.00049801,0.00071237,-0.00077046,0.001567,0.00027827,0.0012581,0.00013994,-0.00013552,-0.00011698,0.00078804,-0.0015564,0.0020334,-0.00063118,-0.00077046,0.0013168,-0.0013385,0.00050043,-0.0012913,-0.00036384,-0.00020112,-0.00031762,-0.001633,0.0023189,-0.0014334,0.00040758,0.001567,-0.0013385,0.0049179,0.0016325,0.0023439,0.00068751,0.00040679,-0.00083489,0.0015114,-0.0029003,0.0011031,-2.9957e-05,0.00027827,0.00050043,0.0016325,0.0017156,0.0004007,-0.00015465,-0.00034217,-0.00098409,-0.0010379,0.00071193,-0.0022156,0.00090415,0.0012581,-0.0012913,0.0023439,0.0004007,0.0025851,-9.9478e-05,-0.00060005,-5.3287e-05,0.0011242,-0.0029089,-0.00047501,0.00050886,0.00013994,-0.00036384,0.00068751,-0.00015465,-9.9478e-05,0.00085991,-0.00017989,-0.00024383,0.0011568,-0.0005868,0.00035822,-0.0019106,-0.00013552,-0.00020112,0.00040679,-0.00034217,-0.00060005,-0.00017989,0.0026324,0.00083032,5.2771e-05,-0.00024178,-0.00060281,-0.0005997,-0.00011698,-0.00031762,-0.00083489,-0.00098409,-5.3287e-05,-0.00024383,0.00083032,0.00088414,0.00036729,-0.00064647,-0.0026178,0.00093712,0.00078804,-0.001633,0.0015114,-0.0010379,0.0011242,0.0011568,5.2771e-05,0.00036729,0.0029122,-0.0030789,0.0037862,-0.00078474,-0.0015564,0.0023189,-0.0029003,0.00071193,-0.0029089,-0.0005868,-0.00024178,-0.00064647,-0.0030789,0.0049506
0.0035642,-0.0013802,-0.0011822,0.0020605,-0.001477,0.0011027,-0.0022547,-0.00047947,0.00035715,-0.00060553,-0.0026482,0.0038421,-0.0013802,0.0020883,0.00050446,-0.00064459,0.00043427,-3.4563e-05,0.00090982,0.00051316,-0.0018747,-0.00058849,0.00095562,-0.00081304,-0.0011822,0.00050446,0.00071649,-0.00078253,0.0015673,0.00026522,0.0012657,0.00014397,-0.00013471,-0.0001099,0.00080616,-0.0015773,0.0020605,-0.00064459,-0.00078253,0.0013333,-0.0013611,0.00050213,-0.0013129,-0.00036931,-0.00019554,-0.00031745,-0.0016539,0.0023506,-0.001477,0.00043427,0.0015673,-0.0013611,0.0048938,0.0015918,0.0023413,0.00070565,0.00039687,-0.00082116,0.001557,-0.0029295,0.0011027,-3.4563e-05,0.00026522,0.00050213,0.0015918,0.0016879,0.00037601,-0.00015119,-0.00033361,-0.00097001,-0.0010307,0.00072323,-0.0022547,0.00090982,0.0012657,-0.0013129,0.0023413,0.00037601,0.0026023,-9.8228e-05,-0.00059426,-3.6126e-05,0.0011523,-0.0029492,-0.00047947,0.00051316,0.00014397,-0.00036931,0.00070565,-0.00015119,-9.8228e-05,0.00087001,-0.00017793,-0.00024882,0.0011696,-0.00059499,0.00035715,-0.0018747,-0.00013471,-0.00019554,0.00039687,-0.00033361,-0.00059426,-0.00017793,0.0025861,0.00081297,4.5632e-05,-0.00022709,-0.00060553,-0.00058849,-0.0001099,-0.00031745,-0.00082116,-0.00097001,-3.6126e-05,-0.00024882,0.00081297,0.00087532,0.00035979,-0.00065065,-0.0026482,0.00095562,0.00080616,-0.0016539,0.001557,-0.0010307,0.0011523,0.0011696,4.5632e-05,0.00035979,0.0029418,-0.0031194,0.0038421,-0.00081304,-0.0015773,0.0023506,-0.0029295,0.00072323,-0.0029492,-0.00059499,-0.00022709,-0.00065065,-0.0031194,0.0050111
0.003607,-0.001392,-0.0012037,0.0020879,-0.001521,0.0011024,-0.0022943,-0.00048401,0.00035613,-0.00060833,-0.002679,0.0038988,-0.001392,0.0020666,0.00051099,-0.00065812,0.00046111,-3.919e-05,0.00091564,0.00051754,-0.0018389,-0.00057731,0.00097432,-0.00084155,-0.0012037,0.00051099,0.00072072,-0.00079475,0.0015678,0.00025215,0.0012735,0.00014803,-0.00013392,-0.00010281,0.00082445,-0.0015986,0.0020879,-0.00065812,-0.00079475,0.0013501,-0.001384,0.00050391,-0.0013348,-0.00037484,-0.00018997,-0.00031733,-0.001675,0.0023828,-0.001521,0.00046111,0.0015678,-0.001384,0.0048704,0.0015511,0.002339,0.00072396,0.00038698,-0.00080748,0.0016029,-0.0029592,0.0011024,-3.919e-05,0.00025215,0.00050391,0.0015511,0.0016604,0.00035128,-0.00014774,-0.00032507,-0.00095601,-0.0010237,0.00073466,-0.0022943,0.00091564,0.0012735,-0.0013348,0.002339,0.00035128,0.0026199,-9.6987e-05,-0.00058852,-1.8908e-05,0.0011806,-0.00299,-0.00048401,0.00051754,0.00014803,-0.00037484,0.00072396,-0.00014774,-9.6987e-05,0.00088026,-0.00017599,-0.00025386,0.0011827,-0.00060328,0.00035613,-0.0018389,-0.00013392,-0.00018997,0.00038698,-0.00032507,-0.00058852,-0.00017599,0.0025399,0.00079567,3.8474e-05,-0.00021237,-0.00060833,-0.00057731,-0.00010281,-0.00031733,-0.00080748,-0.00095601,-1.8908e-05,-0.00025386,0.00079567,0.00086659,0.0003523,-0.00065494,-0.002679,0.00097432,0.00082445,-0.001675,0.0016029,-0.0010237,0.0011806,0.0011827,3.8474e-05,0.0003523,0.0029719,-0.0031604,0.0038988,-0.00084155,-0.0015986,0.0023828,-0.0029592,0.00073466,-0.00299,-0.00060328,-0.00021237,-0.00065494,-0.0031604,0.0050724
0.0036505,-0.0014039,-0.0012255,0.0021157,-0.0015654,0.0011022,-0.0023343,-0.00048863,0.00035515,-0.00061123,-0.0027103,0.0039561,-0.0014039,0.0020451,0.00051761,-0.00067179,0.0004881,-4.3837e-05,0.0009216,0.000522,-0.0018032,-0.00056618,0.00099321,-0.00087027,-0.0012255,0.00051761,0.00072506,-0.00080712,0.0015685,0.00023908,0.0012814,0.00015212,-0.00013315,-9.5714e-05,0.00084291,-0.0016201,0.0021157,-0.00067179,-0.00080712,0.0013671,-0.0014071,0.00050576,-0.0013569,-0.00038045,-0.00018441,-0.00031725,-0.0016965,0.0024153,-0.0015654,0.0004881,0.0015685,-0.0014071,0.0048475,0.0015105,0.002337,0.00074241,0.0003771,-0.00079388,0.0016493,-0.0029894,0.0011022,-4.3837e-05,0.00023908,0.00050576,0.0015105,0.0016329,0.00032652,-0.00014431,-0.00031654,-0.00094209,-0.0010167,0.00074623,-0.0023343,0.0009216,0.0012814,-0.0013569,0.002337,0.00032652,0.0026379,-9.5755e-05,-0.00058285,-1.6383e-06,0.0012092,-0.0030313,-0.00048863,0.000522,0.00015212,-0.00038045,0.00074241,-0.00014431,-9.5755e-05,0.00089067,-0.00017407,-0.00025895,0.0011959,-0.00061169,0.00035515,-0.0018032,-0.00013315,-0.00018441,0.0003771,-0.00031654,-0.00058285,-0.00017407,0.002494,0.00077841,3.1298e-05,-0.00019764,-0.00061123,-0.00056618,-9.5714e-05,-0.00031725,-0.00079388,-0.00094209,-1.6383e-06,-0.00025895,0.00077841,0.00085794,0.00034485,-0.00065933,-0.0027103,0.00099321,0.00084291,-0.0016965,0.0016493,-0.0010167,0.0012092,0.0011959,3.1298e-05,0.00034485,0.0030026,-0.0032019,0.0039561,-0.00087027,-0.0016201,0.0024153,-0.0029894,0.00074623,-0.0030313,-0.00061169,-0.00019764,-0.00065933,-0.0032019,0.0051346
0.0036946,-0.0014161,-0.0012475,0.0021439,-0.0016101,0.0011022,-0.0023748,-0.00049332,0.00035422,-0.00061422,-0.002742,0.0040142,-0.0014161,0.0020239,0.00052432,-0.00068559,0.00051523,-4.8503e-05,0.0009277,0.00052655,-0.0017677,-0.0005551,0.0010123,-0.00089918,-0.0012475,0.00052432,0.00072951,-0.00081963,0.0015694,0.000226,0.0012896,0.00015624,-0.00013239,-8.8611e-05,0.00086153,-0.0016419,0.0021439,-0.00068559,-0.00081963,0.0013844,-0.0014305,0.00050768,-0.0013793,-0.00038612,-0.00017886,-0.00031721,-0.0017183,0.0024483,-0.0016101,0.00051523,0.0015694,-0.0014305,0.0048252,0.00147,0.0023353,0.00076102,0.00036725,-0.00078034,0.0016959,-0.00302,0.0011022,-4.8503e-05,0.000226,0.00050768,0.00147,0.0016057,0.00030174,-0.00014088,-0.00030803,-0.00092826,-0.0010099,0.00075793,-0.0023748,0.0009277,0.0012896,-0.0013793,0.0023353,0.00030174,0.0026563,-9.4533e-05,-0.00057724,1.5679e-05,0.001238,-0.0030731,-0.00049332,0.00052655,0.00015624,-0.00038612,0.00076102,-0.00014088,-9.4533e-05,0.00090122,-0.00017216,-0.00026409,0.0012093,-0.00062019,0.00035422,-0.0017677,-0.00013239,-0.00017886,0.00036725,-0.00030803,-0.00057724,-0.00017216,0.0024483,0.00076122,2.4106e-05,-0.00018289,-0.00061422,-0.0005551,-8.8611e-05,-0.00031721,-0.00078034,-0.00092826,1.5679e-05,-0.00026409,0.00076122,0.00084939,0.00033742,-0.00066382,-0.002742,0.0010123,0.00086153,-0.0017183,0.0016959,-0.0010099,0.001238,0.0012093,2.4106e-05,0.00033742,0.0030337,-0.003244,0.0040142,-0.00089918,-0.0016419,0.0024483,-0.00302,0.00075793,-0.0030731,-0.00062019,-0.00018289,-0.00066382,-0.003244,0.0051977
0.0037393,-0.0014286,-0.0012697,0.0021724,-0.0016551,0.0011023,-0.0024156,-0.0004981,0.00035334,-0.0006173,-0.0027742,0.0040729,-0.0014286,0.0020028,0.00053112,-0.00069952,0.0005425,-5.3186e-05,0.00093394,0.00053118,-0.0017323,-0.00054406,0.0010315,-0.00092828,-0.0012697,0.00053112,0.00073407,-0.00083228,0.0015706,0.00021293,0.001298,0.00016039,-0.00013164,-8.1504e-05,0.00088031,-0.001664,0.0021724,-0.00069952,-0.00083228,0.0014019,-0.0014541,0.00050968,-0.0014019,-0.00039185,-0.00017332,-0.00031722,-0.0017403,0.0024817,-0.0016551,0.0005425,0.0015706,-0.0014541,0.0048035,0.0014296,0.002334,0.00077978,0.00035742,-0.00076688,0.0017429,-0.0030512,0.0011023,-5.3186e-05,0.00021293,0.00050968,0.0014296,0.0015786,0.00027694,-0.00013746,-0.00029955,-0.00091453,-0.0010032,0.00076977,-0.0024156,0.00093394,0.001298,-0.0014019,0.002334,0.00027694,0.0026751,-9.3321e-05,-0.0005717,3.3038e-05,0.001267,-0.0031155,-0.0004981,0.00053118,0.00016039,-0.00039185,0.00077978,-0.00013746,-9.3321e-05,0.00091192,-0.00017027,-0.00026927,0.001223,-0.00062881,0.00035334,-0.0017323,-0.00013164,-0.00017332,0.00035742,-0.00029955,-0.0005717,-0.00017027,0.0024028,0.00074409,1.6902e-05,-0.00016813,-0.0006173,-0.00054406,-8.1504e-05,-0.00031722,-0.00076688,-0.00091453,3.3038e-05,-0.00026927,0.00074409,0.00084093,0.00033001,-0.00066841,-0.0027742,0.0010315,0.00088031,-0.0017403,0.0017429,-0.0010032,0.001267,0.001223,1.6902e-05,0.00033001,0.0030653,-0.0032867,0.0040729,-0.00092828,-0.001664,0.0024817,-0.0030512,0.00076977,-0.0031155,-0.00062881,-0.00016813,-0.00066841,-0.0032867,0.0052617
0.0037845,-0.0014412,-0.0012922,0.0022013,-0.0017004,0.0011026,-0.0024569,-0.00050295,0.0003525,-0.00062048,-0.0028068,0.0041324,-0.0014412,0.001982,0.00053801,-0.00071357,0.00056989,-5.7886e-05,0.00094032,0.00053589,-0.0016971,-0.00053308,0.001051,-0.00095757,-0.0012922,0.00053801,0.00073874,-0.00084507,0.0015719,0.00019986,0.0013066,0.00016458,-0.00013092,-7.4394e-05,0.00089926,-0.0016864,0.0022013,-0.00071357,-0.00084507,0.0014196,-0.001478,0.00051175,-0.0014247,-0.00039766,-0.0001678,-0.00031727,-0.0017627,0.0025155,-0.0017004,0.00056989,0.0015719,-0.001478,0.0047824,0.0013893,0.0023329,0.00079869,0.00034763,-0.0007535,0.0017903,-0.0030829,0.0011026,-5.7886e-05,0.00019986,0.00051175,0.0013893,0.0015516,0.00025213,-0.00013406,-0.00029109,-0.0009009,-0.00099657,0.00078173,-0.0024569,0.00094032,0.0013066,-0.0014247,0.0023329,0.00025213,0.0026944,-9.212e-05,-0.00056623,5.0436e-05,0.0012963,-0.0031584,-0.00050295,0.00053589,0.00016458,-0.00039766,0.00079869,-0.00013406,-9.212e-05,0.00092277,-0.00016841,-0.00027451,0.0012368,-0.00063753,0.0003525,-0.0016971,-0.00013092,-0.0001678,0.00034763,-0.00029109,-0.00056623,-0.00016841,0.0023576,0.00072703,9.6852e-06,-0.00015337,-0.00062048,-0.00053308,-7.4394e-05,-0.00031727,-0.0007535,-0.0009009,5.0436e-05,-0.00027451,0.00072703,0.00083258,0.00032264,-0.0006731,-0.0028068,0.001051,0.00089926,-0.0017627,0.0017903,-0.00099657,0.0012963,0.0012368,9.6852e-06,0.00032264,0.0030974,-0.0033299,0.0041324,-0.00095757,-0.0016864,0.0025155,-0.0030829,0.00078173,-0.0031584,-0.00063753,-0.00015337,-0.0006731,-0.0033299,0.0053265
0.0038304,-0.0014541,-0.0013148,0.0022305,-0.0017461,0.0011031,-0.0024986,-0.00050788,0.00035172,-0.00062374,-0.0028399,0.0041925,-0.0014541,0.0019615,0.00054498,-0.00072774,0.00059741,-6.26e-05,0.00094685,0.00054068,-0.0016621,-0.00052216,0.0010706,-0.00098704,-0.0013148,0.00054498,0.00074353,-0.00085801,0.0015735,0.0001868,0.0013153,0.00016879,-0.00013021,-6.7285e-05,0.00091836,-0.001709,0.0022305,-0.00072774,-0.00085801,0.0014375,-0.0015022,0.0005139,-0.0014478,-0.00040352,-0.00016229,-0.00031736,-0.0017853,0.0025498,-0.0017461,0.00059741,0.0015735,-0.0015022,0.004762,0.0013491,0.0023322,0.00081773,0.00033787,-0.0007402,0.001838,-0.003115,0.0011031,-6.26e-05,0.0001868,0.0005139,0.0013491,0.0015249,0.00022732,-0.00013067,-0.00028266,-0.00088738,-0.00099011,0.00079382,-0.0024986,0.00094685,0.0013153,-0.0014478,0.0023322,0.00022732,0.002714,-9.093e-05,-0.00056083,6.7867e-05,0.0013258,-0.0032017,-0.00050788,0.00054068,0.00016879,-0.00040352,0.00081773,-0.00013067,-9.093e-05,0.00093376,-0.00016656,-0.00027979,0.0012509,-0.00064635,0.00035172,-0.0016621,-0.00013021,-0.00016229,0.00033787,-0.00028266,-0.00056083,-0.00016656,0.0023126,0.00071005,2.4594e-06,-0.00013861,-0.00062374,-0.00052216,-6.7285e-05,-0.00031736,-0.0007402,-0.00088738,6.7867e-05,-0.00027979,0.00071005,0.00082433,0.00031531,-0.0006779,-0.0028399,0.0010706,0.00091836,-0.0017853,0.001838,-0.00099011,0.0013258,0.0012509,2.4594e-06,0.00031531,0.00313,-0.0033736,0.0041925,-0.00098704,-0.001709,0.0025498,-0.003115,0.00079382,-0.0032017,-0.00064635,-0.00013861,-0.0006779,-0.0033736,0.0053922
0.0038769,-0.0014672,-0.0013377,0.0022601,-0.001792,0.0011037,-0.0025407,-0.0005129,0.00035098,-0.0006271,-0.0028735,0.0042533,-0.0014672,0.0019412,0.00055204,-0.00074203,0.00062504,-6.7329e-05,0.00095352,0.00054556,-0.0016274,-0.0005113,0.0010904,-0.0010167,-0.0013377,0.00055204,0.00074842,-0.00087108,0.0015753,0.00017375,0.0013243,0.00017303,-0.00012952,-6.0177e-05,0.00093761,-0.0017319,0.0022601,-0.00074203,-0.00087108,0.0014557,-0.0015266,0.00051613,-0.0014711,-0.00040946,-0.0001568,-0.0003175,-0.0018082,0.0025844,-0.001792,0.00062504,0.0015753,-0.0015266,0.0047423,0.0013091,0.0023318,0.00083692,0.00032815,-0.000727,0.0018859,-0.0031476,0.0011037,-6.7329e-05,0.00017375,0.00051613,0.0013091,0.0014983,0.00020252,-0.00012729,-0.00027426,-0.00087397,-0.00098379,0.00080604,-0.0025407,0.00095352,0.0013243,-0.0014711,0.0023318,0.00020252,0.0027341,-8.9752e-05,-0.0005555,8.5326e-05,0.0013556,-0.0032456,-0.0005129,0.00054556,0.00017303,-0.00040946,0.00083692,-0.00012729,-8.9752e-05,0.00094491,-0.00016474,-0.00028512,0.0012651,-0.00065527,0.00035098,-0.0016274,-0.00012952,-0.0001568,0.00032815,-0.00027426,-0.0005555,-0.00016474,0.002268,0.00069315,-4.7739e-06,-0.00012386,-0.0006271,-0.0005113,-6.0177e-05,-0.0003175,-0.000727,-0.00087397,8.5326e-05,-0.00028512,0.00069315,0.00081619,0.00030801,-0.0006828,-0.0028735,0.0010904,0.00093761,-0.0018082,0.0018859,-0.00098379,0.0013556,0.0012651,-4.7739e-06,0.00030801,0.0031631,-0.0034179,0.0042533,-0.0010167,-0.0017319,0.0025844,-0.0031476,0.00080604,-0.0032456,-0.00065527,-0.00012386,-0.0006828,-0.0034179,0.0054587
0.003924,-0.0014805,-0.0013608,0.00229,-0.0018383,0.0011045,-0.0025832,-0.00051799,0.00035029,-0.00063056,-0.0029074,0.0043147,-0.0014805,0.0019212,0.00055918,-0.00075644,0.00065278,-7.2071e-05,0.00096034,0.00055053,-0.0015928,-0.00050051,0.0011104,-0.0010465,-0.0013608,0.00055918,0.00075343,-0.00088428,0.0015774,0.00016072,0.0013335,0.0001773,-0.00012884,-5.3073e-05,0.00095701,-0.0017551,0.00229,-0.00075644,-0.00088428,0.0014741,-0.0015512,0.00051843,-0.0014947,-0.00041545,-0.00015133,-0.00031769,-0.0018314,0.0026194,-0.0018383,0.00065278,0.0015774,-0.0015512,0.0047233,0.0012693,0.0023318,0.00085623,0.00031847,-0.0007139,0.0019342,-0.0031807,0.0011045,-7.2071e-05,0.00016072,0.00051843,0.0012693,0.0014719,0.00017773,-0.00012393,-0.00026589,-0.00086068,-0.0009776,0.00081839,-0.0025832,0.00096034,0.0013335,-0.0014947,0.0023318,0.00017773,0.0027546,-8.8586e-05,-0.00055025,0.00010281,0.0013855,-0.00329,-0.00051799,0.00055053,0.0001773,-0.00041545,0.00085623,-0.00012393,-8.8586e-05,0.0009562,-0.00016293,-0.00029049,0.0012795,-0.0006643,0.00035029,-0.0015928,-0.00012884,-0.00015133,0.00031847,-0.00026589,-0.00055025,-0.00016293,0.0022236,0.00067634,-1.2013e-05,-0.00010911,-0.00063056,-0.00050051,-5.3073e-05,-0.00031769,-0.0007139,-0.00086068,0.00010281,-0.00029049,0.00067634,0.00080817,0.00030075,-0.0006878,-0.0029074,0.0011104,0.00095701,-0.0018314,0.0019342,-0.0009776,0.0013855,0.0012795,-1.2013e-05,0.00030075,0.0031967,-0.0034627,0.0043147,-0.0010465,-0.0017551,0.0026194,-0.0031807,0.00081839,-0.00329,-0.0006643,-0.00010911,-0.0006878,-0.0034627,0.005526
0.0039717,-0.0014941,-0.0013841,0.0023203,-0.0018848,0.0011054,-0.0026261,-0.00052315,0.00034965,-0.0006341,-0.0029418,0.0043768,-0.0014941,0.0019014,0.00056641,-0.00077097,0.00068062,-7.6825e-05,0.0009673,0.00055557,-0.0015584,-0.0004898,0.0011305,-0.0010765,-0.0013841,0.00056641,0.00075855,-0.00089762,0.0015797,0.00014771,0.0013429,0.0001816,-0.00012819,-4.5976e-05,0.00097656,-0.0017786,0.0023203,-0.00077097,-0.00089762,0.0014927,-0.001576,0.00052081,-0.0015185,-0.00042151,-0.00014587,-0.00031792,-0.0018548,0.0026549,-0.0018848,0.00068062,0.0015797,-0.001576,0.0047049,0.0012296,0.0023321,0.00087568,0.00030883,-0.0007009,0.0019828,-0.0032143,0.0011054,-7.6825e-05,0.00014771,0.00052081,0.0012296,0.0014458,0.00015296,-0.00012059,-0.00025757,-0.00084751,-0.00097157,0.00083086,-0.0026261,0.0009673,0.0013429,-0.0015185,0.0023321,0.00015296,0.0027755,-8.7433e-05,-0.00054509,0.00012031,0.0014157,-0.0033349,-0.00052315,0.00055557,0.0001816,-0.00042151,0.00087568,-0.00012059,-8.7433e-05,0.00096763,-0.00016116,-0.00029591,0.0012941,-0.00067343,0.00034965,-0.0015584,-0.00012819,-0.00014587,0.00030883,-0.00025757,-0.00054509,-0.00016116,0.0021795,0.00065963,-1.9255e-05,-9.4372e-05,-0.0006341,-0.0004898,-4.5976e-05,-0.00031792,-0.0007009,-0.00084751,0.00012031,-0.00029591,0.00065963,0.00080026,0.00029354,-0.00069291,-0.0029418,0.0011305,0.00097656,-0.0018548,0.0019828,-0.00097157,0.0014157,0.0012941,-1.9255e-05,0.00029354,0.0032307,-0.003508,0.0043768,-0.0010765,-0.0017786,0.0026549,-0.0032143,0.00083086,-0.0033349,-0.00067343,-9.4372e-05,-0.00069291,-0.003508,0.0055942
0.00402,-0.0015078,-0.0014076,0.0023509,-0.0019316,0.0011065,-0.0026694,-0.0005284,0.00034907,-0.00063774,-0.0029767,0.0044395,-0.0015078,0.001882,0.00057372,-0.0007856,0.00070856,-8.1589e-05,0.0009744,0.0005607,-0.0015243,-0.00047915,0.0011508,-0.0011066,-0.0014076,0.00057372,0.00076379,-0.00091109,0.0015822,0.00013472,0.0013524,0.00018593,-0.00012755,-3.8888e-05,0.00099625,-0.0018023,0.0023509,-0.0007856,-0.00091109,0.0015116,-0.0016011,0.00052327,-0.0015425,-0.00042763,-0.00014045,-0.00031821,-0.0018785,0.0026907,-0.0019316,0.00070856,0.0015822,-0.0016011,0.0046872,0.0011902,0.0023328,0.00089526,0.00029924,-0.000688,0.0020317,-0.0032483,0.0011065,-8.1589e-05,0.00013472,0.00052327,0.0011902,0.0014198,0.00012822,-0.00011727,-0.00024928,-0.00083447,-0.00096567,0.00084345,-0.0026694,0.0009744,0.0013524,-0.0015425,0.0023328,0.00012822,0.0027968,-8.6293e-05,-0.00054,0.00013783,0.001446,-0.0033803,-0.0005284,0.0005607,0.00018593,-0.00042763,0.00089526,-0.00011727,-8.6293e-05,0.0009792,-0.0001594,-0.00030137,0.0013089,-0.00068265,0.00034907,-0.0015243,-0.00012755,-0.00014045,0.00029924,-0.00024928,-0.00054,-0.0001594,0.0021358,0.00064302,-2.6498e-05,-7.9653e-05,-0.00063774,-0.00047915,-3.8888e-05,-0.00031821,-0.000688,-0.00083447,0.00013783,-0.00030137,0.00064302,0.00079247,0.00028637,-0.00069812,-0.0029767,0.0011508,0.00099625,-0.0018785,0.0020317,-0.00096567,0.001446,0.0013089,-2.6498e-05,0.00028637,0.0032652,-0.0035538,0.0044395,-0.0011066,-0.0018023,0.0026907,-0.0032483,0.00084345,-0.0033803,-0.00068265,-7.9653e-05,-0.00069812,-0.0035538,0.0056632
0.0040688,-0.0015218,-0.0014313,0.0023819,-0.0019786,0.0011078,-0.002713,-0.00053372,0.00034854,-0.00064148,-0.0030119,0.0045029,-0.0015218,0.0018628,0.00058112,-0.00080035,0.00073658,-8.6362e-05,0.00098164,0.0005659,-0.0014904,-0.00046859,0.0011713,-0.0011369,-0.0014313,0.00058112,0.00076913,-0.00092469,0.0015849,0.00012176,0.0013622,0.00019028,-0.00012694,-3.181e-05,0.0010161,-0.0018262,0.0023819,-0.00080035,-0.00092469,0.0015306,-0.0016264,0.0005258,-0.0015667,-0.00043381,-0.00013504,-0.00031854,-0.0019025,0.0027269,-0.0019786,0.00073658,0.0015849,-0.0016264,0.0046703,0.0011509,0.0023338,0.00091496,0.00028971,-0.00067522,0.0020808,-0.0032828,0.0011078,-8.6362e-05,0.00012176,0.0005258,0.0011509,0.0013941,0.00010351,-0.00011397,-0.00024104,-0.00082157,-0.00095993,0.00085616,-0.002713,0.00098164,0.0013622,-0.0015667,0.0023338,0.00010351,0.0028185,-8.5167e-05,-0.000535,0.00015535,0.0014766,-0.0034262,-0.00053372,0.0005659,0.00019028,-0.00043381,0.00091496,-0.00011397,-8.5167e-05,0.00099091,-0.00015768,-0.00030687,0.0013239,-0.00069198,0.00034854,-0.0014904,-0.00012694,-0.00013504,0.00028971,-0.00024104,-0.000535,-0.00015768,0.0020924,0.00062652,-3.374e-05,-6.4957e-05,-0.00064148,-0.00046859,-3.181e-05,-0.00031854,-0.00067522,-0.00082157,0.00015535,-0.00030687,0.00062652,0.00078481,0.00027925,-0.00070343,-0.0030119,0.0011713,0.0010161,-0.0019025,0.0020808,-0.00095993,0.0014766,0.0013239,-3.374e-05,0.00027925,0.0033002,-0.0036001,0.0045029,-0.0011369,-0.0018262,0.0027269,-0.0032828,0.00085616,-0.0034262,-0.00069198,-6.4957e-05,-0.00070343,-0.0036001,0.005733
0.0041182,-0.001536,-0.0014552,0.0024132,-0.0020259,0.0011092,-0.002757,-0.00053911,0.00034807,-0.00064531,-0.0030476,0.0045668,-0.001536,0.001844,0.00058859,-0.0008152,0.00076469,-9.1143e-05,0.00098903,0.00057119,-0.0014568,-0.00045811,0.0011919,-0.0011673,-0.0014552,0.00058859,0.00077459,-0.00093842,0.0015879,0.00010884,0.0013721,0.00019465,-0.00012635,-2.4744e-05,0.001036,-0.0018504,0.0024132,-0.0008152,-0.00093842,0.0015499,-0.0016519,0.00052841,-0.0015911,-0.00044005,-0.00012966,-0.00031892,-0.0019268,0.0027634,-0.0020259,0.00076469,0.0015879,-0.0016519,0.0046541,0.0011119,0.0023352,0.00093477,0.00028023,-0.00066256,0.0021303,-0.0033178,0.0011092,-9.1143e-05,0.00010884,0.00052841,0.0011119,0.0013687,7.8851e-05,-0.00011069,-0.00023284,-0.00080881,-0.00095434,0.00086899,-0.002757,0.00098903,0.0013721,-0.0015911,0.0023352,7.8851e-05,0.0028406,-8.4056e-05,-0.00053009,0.00017288,0.0015073,-0.0034725,-0.00053911,0.00057119,0.00019465,-0.00044005,0.00093477,-0.00011069,-8.4056e-05,0.0010028,-0.00015597,-0.00031241,0.0013391,-0.00070139,0.00034807,-0.0014568,-0.00012635,-0.00012966,0.00028023,-0.00023284,-0.00053009,-0.00015597,0.0020494,0.00061013,-4.0979e-05,-5.0287e-05,-0.00064531,-0.00045811,-2.4744e-05,-0.00031892,-0.00066256,-0.00080881,0.00017288,-0.00031241,0.00061013,0.00077728,0.00027218,-0.00070884,-0.0030476,0.0011919,0.001036,-0.0019268,0.0021303,-0.00095434,0.0015073,0.0013391,-4.0979e-05,0.00027218,0.0033357,-0.003647,0.0045668,-0.0011673,-0.0018504,0.0027634,-0.0033178,0.00086899,-0.0034725,-0.00070139,-5.0287e-05,-0.00070884,-0.003647,0.0058037
0.0041682,-0.0015504,-0.0014792,0.0024448,-0.0020734,0.0011108,-0.0028014,-0.00054459,0.00034764,-0.00064923,-0.0030837,0.0046314,-0.0015504,0.0018254,0.00059614,-0.00083016,0.00079287,-9.5931e-05,0.00099655,0.00057656,-0.0014235,-0.00044772,0.0012126,-0.0011978,-0.0014792,0.00059614,0.00078016,-0.00095227,0.0015912,9.5953e-05,0.0013823,0.00019905,-0.00012577,-1.7694e-05,0.0010561,-0.0018749,0.0024448,-0.00083016,-0.00095227,0.0015694,-0.0016777,0.0005311,-0.0016157,-0.00044635,-0.00012432,-0.00031934,-0.0019513,0.0028004,-0.0020734,0.00079287,0.0015912,-0.0016777,0.0046386,0.0010731,0.0023369,0.0009547,0.00027081,-0.00065002,0.0021799,-0.0033533,0.0011108,-9.5931e-05,9.5953e-05,0.0005311,0.0010731,0.0013435,5.4241e-05,-0.00010743,-0.00022469,-0.00079619,-0.00094891,0.00088193,-0.0028014,0.00099655,0.0013823,-0.0016157,0.0023369,5.4241e-05,0.0028631,-8.2959e-05,-0.00052527,0.00019041,0.0015383,-0.0035193,-0.00054459,0.00057656,0.00019905,-0.00044635,0.0009547,-0.00010743,-8.2959e-05,0.0010148,-0.0001543,-0.000318,0.0013545,-0.0007109,0.00034764,-0.0014235,-0.00012577,-0.00012432,0.00027081,-0.00022469,-0.00052527,-0.0001543,0.0020068,0.00059387,-4.8214e-05,-3.5648e-05,-0.00064923,-0.00044772,-1.7694e-05,-0.00031934,-0.00065002,-0.00079619,0.00019041,-0.000318,0.00059387,0.00076988,0.00026516,-0.00071435,-0.0030837,0.0012126,0.0010561,-0.0019513,0.0021799,-0.00094891,0.0015383,0.0013545,-4.8214e-05,0.00026516,0.0033716,-0.0036943,0.0046314,-0.0011978,-0.0018749,0.0028004,-0.0033533,0.00088193,-0.0035193,-0.0007109,-3.5648e-05,-0.00071435,-0.0036943,0.0058751
0.0042187,-0.0015651,-0.0015035,0.0024767,-0.0021212,0.0011126,-0.0028461,-0.00055013,0.00034728,-0.00065325,-0.0031202,0.0046966,-0.0015651,0.0018072,0.00060377,-0.00084521,0.00082112,-0.00010072,0.0010042,0.00058201,-0.0013905,-0.00043742,0.0012336,-0.0012285,-0.0015035,0.00060377,0.00078584,-0.00096624,0.0015946,8.3108e-05,0.0013927,0.00020347,-0.00012522,-1.0661e-05,0.0010763,-0.0018996,0.0024767,-0.00084521,-0.00096624,0.001589,-0.0017036,0.00053387,-0.0016406,-0.0004527,-0.000119,-0.00031982,-0.0019761,0.0028377,-0.0021212,0.00082112,0.0015946,-0.0017036,0.0046239,0.0010345,0.002339,0.00097474,0.00026145,-0.00063761,0.0022298,-0.0033891,0.0011126,-0.00010072,8.3108e-05,0.00053387,0.0010345,0.0013185,2.9689e-05,-0.00010419,-0.00021659,-0.00078373,-0.00094363,0.00089498,-0.0028461,0.0010042,0.0013927,-0.0016406,0.002339,2.9689e-05,0.002886,-8.1878e-05,-0.00052054,0.00020793,0.0015694,-0.0035666,-0.00055013,0.00058201,0.00020347,-0.0004527,0.00097474,-0.00010419,-8.1878e-05,0.0010269,-0.00015265,-0.00032362,0.00137,-0.00072051,0.00034728,-0.0013905,-0.00012522,-0.000119,0.00026145,-0.00021659,-0.00052054,-0.00015265,0.0019646,0.00057773,-5.5441e-05,-2.1045e-05,-0.00065325,-0.00043742,-1.0661e-05,-0.00031982,-0.00063761,-0.00078373,0.00020793,-0.00032362,0.00057773,0.00076262,0.0002582,-0.00071997,-0.0031202,0.0012336,0.0010763,-0.0019761,0.0022298,-0.00094363,0.0015694,0.00137,-5.5441e-05,0.0002582,0.0034079,-0.0037421,0.0046966,-0.0012285,-0.0018996,0.0028377,-0.0033891,0.00089498,-0.0035666,-0.00072051,-2.1045e-05,-0.00071997,-0.0037421,0.0059473
0.0042698,-0.0015799,-0.0015279,0.002509,-0.0021692,0.0011146,-0.0028912,-0.00055575,0.00034697,-0.00065736,-0.0031572,0.0047624,-0.0015799,0.0017893,0.00061148,-0.00086036,0.00084943,-0.00010552,0.001012,0.00058754,-0.0013578,-0.00042722,0.0012546,-0.0012593,-0.0015279,0.00061148,0.00079163,-0.00098033,0.0015984,7.0309e-05,0.0014032,0.00020791,-0.00012469,-3.6472e-06,0.0010967,-0.0019245,0.002509,-0.00086036,-0.00098033,0.0016089,-0.0017298,0.00053672,-0.0016656,-0.00045912,-0.00011371,-0.00032035,-0.0020011,0.0028754,-0.0021692,0.00084943,0.0015984,-0.0017298,0.00461,0.00099624,0.0023415,0.00099488,0.00025215,-0.00062533,0.00228,-0.0034255,0.0011146,-0.00010552,7.0309e-05,0.00053672,0.00099624,0.0012939,5.2028e-06,-0.00010098,-0.00020855,-0.00077142,-0.00093852,0.00090814,-0.0028912,0.001012,0.0014032,-0.0016656,0.0023415,5.2028e-06,0.0029094,-8.0812e-05,-0.0005159,0.00022545,0.0016007,-0.0036143,-0.00055575,0.00058754,0.00020791,-0.00045912,0.00099488,-0.00010098,-8.0812e-05,0.0010391,-0.00015103,-0.00032928,0.0013857,-0.0007302,0.00034697,-0.0013578,-0.00012469,-0.00011371,0.00025215,-0.00020855,-0.0005159,-0.00015103,0.0019228,0.00056172,-6.2659e-05,-6.4812e-06,-0.00065736,-0.00042722,-3.6472e-06,-0.00032035,-0.00062533,-0.00077142,0.00022545,-0.00032928,0.00056172,0.00075549,0.0002513,-0.00072568,-0.0031572,0.0012546,0.0010967,-0.0020011,0.00228,-0.00093852,0.0016007,0.0013857,-6.2659e-05,0.0002513,0.0034448,-0.0037904,0.0047624,-0.0012593,-0.0019245,0.0028754,-0.0034255,0.00090814,-0.0036143,-0.0007302,-6.4812e-06,-0.00072568,-0.0037904,0.0060202
0.0043214,-0.001595,-0.0015525,0.0025415,-0.0022174,0.0011167,-0.0029366,-0.00056144,0.00034672,-0.00066156,-0.0031945,0.0048287,-0.001595,0.0017718,0.00061926,-0.00087561,0.00087779,-0.00011032,0.00102,0.00059314,-0.0013254,-0.00041711,0.0012758,-0.0012902,-0.0015525,0.00061926,0.00079753,-0.00099453,0.0016023,5.7558e-05,0.001414,0.00021237,-0.00012418,3.3452e-06,0.0011171,-0.0019497,0.0025415,-0.00087561,-0.00099453,0.001629,-0.0017562,0.00053964,-0.0016908,-0.00046558,-0.00010846,-0.00032092,-0.0020264,0.0029134,-0.0022174,0.00087779,0.0016023,-0.0017562,0.0045969,0.00095822,0.0023443,0.0010151,0.00024293,-0.00061318,0.0023303,-0.0034623,0.0011167,-0.00011032,5.7558e-05,0.00053964,0.00095822,0.0012695,-1.921e-05,-9.7795e-05,-0.00020057,-0.00075927,-0.00093358,0.00092141,-0.0029366,0.00102,0.001414,-0.0016908,0.0023443,-1.921e-05,0.0029331,-7.9762e-05,-0.00051136,0.00024294,0.0016321,-0.0036624,-0.00056144,0.00059314,0.00021237,-0.00046558,0.0010151,-9.7795e-05,-7.9762e-05,0.0010515,-0.00014944,-0.00033497,0.0014016,-0.00073998,0.00034672,-0.0013254,-0.00012418,-0.00010846,0.00024293,-0.00020057,-0.00051136,-0.00014944,0.0018814,0.00054585,-6.9865e-05,8.0383e-06,-0.00066156,-0.00041711,3.3452e-06,-0.00032092,-0.00061318,-0.00075927,0.00024294,-0.00033497,0.00054585,0.00074851,0.00024445,-0.00073149,-0.0031945,0.0012758,0.0011171,-0.0020264,0.0023303,-0.00093358,0.0016321,0.0014016,-6.9865e-05,0.00024445,0.003482,-0.0038391,0.0048287,-0.0012902,-0.0019497,0.0029134,-0.0034623,0.00092141,-0.0036624,-0.00073998,8.0383e-06,-0.00073149,-0.0038391,0.0060939
0.0043735,-0.0016102,-0.0015773,0.0025744,-0.0022658,0.001119,-0.0029823,-0.0005672,0.00034652,-0.00066586,-0.0032322,0.0048956,-0.0016102,0.0017546,0.00062712,-0.00089094,0.00090619,-0.00011512,0.0010281,0.00059882,-0.0012933,-0.0004071,0.0012971,-0.0013212,-0.0015773,0.00062712,0.00080354,-0.0010088,0.0016065,4.4861e-05,0.0014249,0.00021685,-0.00012369,1.0314e-05,0.0011377,-0.0019751,0.0025744,-0.00089094,-0.0010088,0.0016493,-0.0017827,0.00054264,-0.0017162,-0.0004721,-0.00010324,-0.00032155,-0.0020519,0.0029517,-0.0022658,0.00090619,0.0016065,-0.0017827,0.0045845,0.00092049,0.0023475,0.0010355,0.00023377,-0.00060118,0.0023809,-0.0034995,0.001119,-0.00011512,4.4861e-05,0.00054264,0.00092049,0.0012454,-4.3541e-05,-9.4637e-05,-0.00019264,-0.00074728,-0.0009288,0.00093478,-0.0029823,0.0010281,0.0014249,-0.0017162,0.0023475,-4.3541e-05,0.0029572,-7.8729e-05,-0.00050692,0.00026042,0.0016637,-0.003711,-0.0005672,0.00059882,0.00021685,-0.0004721,0.0010355,-9.4637e-05,-7.8729e-05,0.001064,-0.00014788,-0.0003407,0.0014177,-0.00074985,0.00034652,-0.0012933,-0.00012369,-0.00010324,0.00023377,-0.00019264,-0.00050692,-0.00014788,0.0018405,0.00053013,-7.7058e-05,2.2509e-05,-0.00066586,-0.0004071,1.0314e-05,-0.00032155,-0.00060118,-0.00074728,0.00026042,-0.0003407,0.00053013,0.00074167,0.00023768,-0.0007374,-0.0032322,0.0012971,0.0011377,-0.0020519,0.0023809,-0.0009288,0.0016637,0.0014177,-7.7058e-05,0.00023768,0.0035197,-0.0038883,0.0048956,-0.0013212,-0.0019751,0.0029517,-0.0034995,0.00093478,-0.003711,-0.00074985,2.2509e-05,-0.0007374,-0.0038883,0.0061683
