0.0012103,0.00010489,0.00022976,0.00045434,6.4223e-05,-5.6668e-05,0.00041053,2.0794e-05,-0.00030855,0.00036365,-6.8482e-05,-0.00022611,0.00010489,0.0026721,-0.00056595,-0.00015818,0.0016507,0.00046308,-0.00010846,0.00091418,0.00064067,-0.00030672,0.00084596,0.00049642,0.00022976,-0.00056595,0.0015617,-2.3415e-05,-4.6313e-05,0.0006453,2.6857e-05,0.0002273,0.00058577,4.4484e-05,0.00022628,0.00059096,0.00045434,-0.00015818,-2.3415e-05,0.00039097,-0.00018413,-0.00022736,0.0003196,-0.00011229,-0.00038735,0.00029672,-0.00014738,-0.00031817,6.4223e-05,0.0016507,-4.6313e-05,-0.00018413,0.0015121,0.000354,-0.00019178,0.0010418,0.00047696,-0.0003358,0.0010269,0.00034854,-5.6668e-05,0.00046308,0.0006453,-0.00022736,0.000354,0.00098515,-0.00014822,0.00037304,0.00099289,-0.00015615,0.00038014,0.00087981,0.00041053,-0.00010846,2.6857e-05,0.0003196,-0.00019178,-0.00014822,0.00040064,-0.00015714,-0.00029453,0.00033133,-0.00021644,-0.00019656,2.0794e-05,0.00091418,0.0002273,-0.00011229,0.0010418,0.00037304,-0.00015714,0.0010074,0.00029331,-0.00026081,0.0010243,0.00024358,-0.00030855,0.00064067,0.00058577,-0.00038735,0.00047696,0.00099289,-0.00029453,0.00029331,0.0012868,-0.00029087,0.00031685,0.0010895,0.00036365,-0.00030672,4.4484e-05,0.00029672,-0.0003358,-0.00015615,0.00033133,-0.00026081,-0.00029087,0.00035615,-0.00029858,-0.0002218,-6.8482e-05,0.00084596,0.00022628,-0.00014738,0.0010269,0.00038014,-0.00021644,0.0010243,0.00031685,-0.00029858,0.0010968,0.0002188,-0.00022611,0.00049642,0.00059096,-0.00031817,0.00034854,0.00087981,-0.00019656,0.00024358,0.0010895,-0.0002218,0.0002188,0.0010283
0.0012996,0.00012417,0.00029696,0.00048308,8.6136e-05,-2.981e-05,0.00044612,4.007e-05,-0.000307,0.00038876,-4.9441e-05,-0.00022003,0.00012417,0.0028946,-0.0006368,-0.00016761,0.0017308,0.00050494,-0.00010812,0.00092642,0.00070416,-0.00031847,0.00084928,0.00056008,0.00029696,-0.0006368,0.0016368,-7.9971e-06,-6.36e-05,0.00064508,4.0592e-05,0.00022204,0.00058557,6.3826e-05,0.00022,0.00059217,0.00048308,-0.00016761,-7.9971e-06,0.00040568,-0.00019405,-0.00022773,0.000344,-0.00011996,-0.00039941,0.00031172,-0.00015271,-0.00032491,8.6136e-05,0.0017308,-6.36e-05,-0.00019405,0.0014926,0.00038267,-0.00017679,0.00097016,0.00053494,-0.00032026,0.00093851,0.0004126,-2.981e-05,0.00050494,0.00064508,-0.00022773,0.00038267,0.0010238,-0.00015467,0.00040077,0.0010324,-0.00015988,0.00040282,0.00091735,0.00044612,-0.00010812,4.0592e-05,0.000344,-0.00017679,-0.00015467,0.00042238,-0.00013528,-0.00031722,0.00034434,-0.00019483,-0.0002137,4.007e-05,0.00092642,0.00022204,-0.00011996,0.00097016,0.00040077,-0.00013528,0.00089614,0.00034213,-0.00023042,0.00089659,0.00030355,-0.000307,0.00070416,0.00058557,-0.00039941,0.00053494,0.0010324,-0.00031722,0.00034213,0.0013398,-0.00031306,0.00036393,0.0011311,0.00038876,-0.00031847,6.3826e-05,0.00031172,-0.00032026,-0.00015988,0.00034434,-0.00023042,-0.00031306,0.0003581,-0.00026476,-0.00024001,-4.9441e-05,0.00084928,0.00022,-0.00015271,0.00093851,0.00040282,-0.00019483,0.00089659,0.00036393,-0.00026476,0.00094513,0.00028259,-0.00022003,0.00056008,0.00059217,-0.00032491,0.0004126,0.00091735,-0.0002137,0.00030355,0.0011311,-0.00024001,0.00028259,0.0010515
0.0013897,0.00014174,0.00035647,0.00051286,0.00010543,-7.8272e-06,0.00048115,5.6608e-05,-0.00030943,0.00041436,-3.4185e-05,-0.00021764,0.00014174,0.0031149,-0.00070349,-0.00017748,0.0018185,0.00054592,-0.00010919,0.00094797,0.00076552,-0.00033217,0.00086247,0.00061984,0.00035647,-0.00070349,0.0017191,4.7223e-06,-7.8738e-05,0.00065272,5.2514e-05,0.00022036,0.00059253,8.0686e-05,0.00021744,0.00060038,0.00051286,-0.00017748,4.7223e-06,0.00042288,-0.00020468,-0.00023079,0.00036852,-0.00012782,-0.0004143,0.00032801,-0.00015901,-0.00033445,0.00010543,0.0018185,-7.8738e-05,-0.00020468,0.0014947,0.00041118,-0.00016655,0.00092254,0.00058966,-0.00031131,0.00087652,0.00047089,-7.8272e-06,0.00054592,0.00065272,-0.00023079,0.00041118,0.0010685,-0.00016192,0.00042873,0.0010778,-0.00016494,0.00042661,0.00095972,0.00048115,-0.00010919,5.2514e-05,0.00036852,-0.00016655,-0.00016192,0.00044568,-0.00011882,-0.00033995,0.0003594,-0.00017931,-0.00023053,5.6608e-05,0.00094797,0.00022036,-0.00012782,0.00092254,0.00042873,-0.00011882,0.00081472,0.00038688,-0.00020804,0.00080146,0.00035711,-0.00030943,0.00076552,0.00059253,-0.0004143,0.00058966,0.0010778,-0.00033995,0.00038688,0.0014002,-0.00033532,0.00040749,0.0011793,0.00041436,-0.00033217,8.0686e-05,0.00032801,-0.00031131,-0.00016494,0.0003594,-0.00020804,-0.00033532,0.00036414,-0.00023995,-0.00025807,-3.4185e-05,0.00086247,0.00021744,-0.00015901,0.00087652,0.00042661,-0.00017931,0.00080146,0.00040749,-0.00023995,0.00083064,0.00033907,-0.00021764,0.00061984,0.00060038,-0.00033445,0.00047089,0.00095972,-0.00023053,0.00035711,0.0011793,-0.00025807,0.00033907,0.0010835
0.0014777,0.00015719,0.00040717,0.00054268,0.00012173,9.0399e-06,0.0005146,7.0136e-05,-0.00031544,0.00043965,-2.2859e-05,-0.00021869,0.00015719,0.0033266,-0.00076437,-0.00018747,0.0019105,0.00058484,-0.00011147,0.00097728,0.00082309,-0.00034717,0.00088419,0.00067425,0.00040717,-0.00076437,0.0018056,1.4603e-05,-9.1471e-05,0.00066731,6.242e-05,0.000222,0.0006058,9.4777e-05,0.00021835,0.00061472,0.00054268,-0.00018747,1.4603e-05,0.0004418,-0.00021563,-0.00023622,0.00039236,-0.00013559,-0.00043132,0.00034497,-0.00016599,-0.00034627,0.00012173,0.0019105,-9.1471e-05,-0.00021563,0.0015163,0.00043866,-0.00016089,0.00089813,0.00063977,-0.00030858,0.0008404,0.00052217,9.0399e-06,0.00058484,0.00066731,-0.00023622,0.00043866,0.0011172,-0.00016967,0.00045604,0.0011272,-0.00017104,0.00045066,0.0010052,0.0005146,-0.00011147,6.242e-05,0.00039236,-0.00016089,-0.00016967,0.00046963,-0.00010771,-0.00036204,0.00037584,-0.00016974,-0.00024659,7.0136e-05,0.00097728,0.000222,-0.00013559,0.00089813,0.00045604,-0.00010771,0.00076278,0.00042658,-0.00019356,0.00073876,0.00040322,-0.00031544,0.00082309,0.0006058,-0.00043132,0.00063977,0.0011272,-0.00036204,0.00042658,0.0014656,-0.00035698,0.00044656,0.0012324,0.00043965,-0.00034717,9.4777e-05,0.00034497,-0.00030858,-0.00017104,0.00037584,-0.00019356,-0.00035698,0.00037367,-0.00022402,-0.00027544,-2.2859e-05,0.00088419,0.00021835,-0.00016599,0.0008404,0.00045066,-0.00016974,0.00073876,0.00044656,-0.00022402,0.00075339,0.00038718,-0.00021869,0.00067425,0.00061472,-0.00034627,0.00052217,0.0010052,-0.00024659,0.00040322,0.0012324,-0.00027544,0.00038718,0.0011227
0.0015606,0.00017038,0.00044903,0.00057132,0.00013507,2.1287e-05,0.00054548,8.0792e-05,-0.00032394,0.00046366,-1.5018e-05,-0.00022235,0.00017038,0.0035229,-0.00081827,-0.00019713,0.002002,0.00062058,-0.00011459,0.0010113,0.0008754,-0.00036257,0.00091153,0.0007223,0.00044903,-0.00081827,0.0018917,2.19e-05,-0.00010184,0.00068664,7.0369e-05,0.00022612,0.00062337,0.00010616,0.0002219,0.00063317,0.00057132,-0.00019713,2.19e-05,0.00046127,-0.00022636,-0.00024326,0.00041471,-0.00014298,-0.00044927,0.00036174,-0.00017322,-0.00035936,0.00013507,0.002002,-0.00010184,-0.00022636,0.001552,0.00046424,-0.00015896,0.00089249,0.00068428,-0.00031072,0.00082558,0.00056596,2.1287e-05,0.00062058,0.00068664,-0.00024326,0.00046424,0.001167,-0.00017749,0.00048172,0.0011776,-0.00017769,0.00047393,0.0010513,0.00054548,-0.00011459,7.0369e-05,0.00041471,-0.00015896,-0.00017749,0.00049309,-0.00010116,-0.00038271,0.00039264,-0.00016512,-0.0002614,8.0792e-05,0.0010113,0.00022612,-0.00014298,0.00089249,0.00048172,-0.00010116,0.00073556,0.00046077,-0.00018571,0.00070348,0.00044171,-0.00032394,0.0008754,0.00062337,-0.00044927,0.00068428,0.0011776,-0.00038271,0.00046077,0.0015319,-0.00037729,0.00048056,0.0012868,0.00046366,-0.00036257,0.00010616,0.00036174,-0.00031072,-0.00017769,0.00039264,-0.00018571,-0.00037729,0.00038548,-0.00021554,-0.00029159,-1.5018e-05,0.00091153,0.0002219,-0.00017322,0.00082558,0.00047393,-0.00016512,0.00070348,0.00048056,-0.00021554,0.00070785,0.00042691,-0.00022235,0.0007223,0.00063317,-0.00035936,0.00056596,0.0010513,-0.0002614,0.00044171,0.0012868,-0.00029159,0.00042691,0.0011657
0.0016354,0.00018133,0.00048264,0.00059756,0.00014568,2.9778e-05,0.0005729,8.8943e-05,-0.00033362,0.00048547,-9.9328e-06,-0.00022753,0.00018133,0.0036979,-0.0008645,-0.00020604,0.002088,0.00065219,-0.00011809,0.0010466,0.00092126,-0.00037735,0.00094106,0.00076343,0.00048264,-0.0008645,0.0019727,2.7071e-05,-0.00011005,0.00070804,7.6573e-05,0.00023166,0.00064281,0.00011512,0.00022701,0.00065333,0.00059756,-0.00020604,2.7071e-05,0.00047999,-0.00023635,-0.00025097,0.00043481,-0.00014969,-0.00046684,0.00037743,-0.00018019,-0.00037255,0.00014568,0.002088,-0.00011005,-0.00023635,0.0015949,0.00048711,-0.0001596,0.00089962,0.00072256,-0.00031595,0.00082572,0.00060231,2.9778e-05,0.00065219,0.00070804,-0.00025097,0.00048711,0.0012148,-0.00018492,0.00050487,0.001226,-0.00018433,0.00049537,0.0010951,0.0005729,-0.00011809,7.6573e-05,0.00043481,-0.0001596,-0.00018492,0.00051488,-9.7989e-05,-0.00040129,0.00040874,-0.00016403,-0.00027455,8.8943e-05,0.0010466,0.00023166,-0.00014969,0.00089962,0.00050487,-9.7989e-05,0.00072627,0.00048939,-0.00018272,0.00068838,0.00047299,-0.00033362,0.00092126,0.00064281,-0.00046684,0.00072256,0.001226,-0.00040129,0.00048939,0.0015953,-0.00039555,0.00050929,0.0013391,0.00048547,-0.00037735,0.00011512,0.00037743,-0.00031595,-0.00018433,0.00040874,-0.00018272,-0.00039555,0.00039813,-0.00021248,-0.000306,-9.9328e-06,0.00094106,0.00022701,-0.00018019,0.00082572,0.00049537,-0.00016403,0.00068838,0.00050929,-0.00021248,0.0006859,0.00045883,-0.00022753,0.00076343,0.00065333,-0.00037255,0.00060231,0.0010951,-0.00027455,0.00047299,0.0013391,-0.000306,0.00045883,0.0012089
0.0017,0.00019017,0.00050898,0.00062048,0.00015393,3.5447e-05,0.0005963,9.5028e-05,-0.00034328,0.0005044,-6.8342e-06,-0.00023322,0.00019017,0.0038477,-0.00090287,-0.00021385,0.0021645,0.00067907,-0.00012156,0.00108,0.00096,-0.0003907,0.00096972,0.00079751,0.00050898,-0.00090287,0.0020449,3.0619e-05,-0.0001164,0.00072908,8.1299e-05,0.00023762,0.00066192,0.00012199,0.00023265,0.000673,0.00062048,-0.00021385,3.0619e-05,0.00049692,-0.00024516,-0.00025851,0.00045212,-0.00015552,-0.00048289,0.00039135,-0.00018651,-0.00038484,0.00015393,0.0021645,-0.0001164,-0.00024516,0.001639,0.00050672,-0.00016171,0.00091372,0.0007544,-0.00032263,0.00083463,0.00063165,3.5447e-05,0.00067907,0.00072908,-0.00025851,0.00050672,0.0012579,-0.00019158,0.00052485,0.0012695,-0.00019049,0.00051417,0.0011344,0.0005963,-0.00012156,8.1299e-05,0.00045212,-0.00016171,-0.00019158,0.00053412,-9.7041e-05,-0.00041729,0.00042325,-0.0001651,-0.00028577,9.5028e-05,0.00108,0.00023762,-0.00015552,0.00091372,0.00052485,-9.7041e-05,0.00072817,0.00051265,-0.00018278,0.00068622,0.00049775,-0.00034328,0.00096,0.00066192,-0.00048289,0.0007544,0.0012695,-0.00041729,0.00051265,0.0016523,-0.00041128,0.00053284,0.0013864,0.0005044,-0.0003907,0.00012199,0.00039135,-0.00032263,-0.00019049,0.00042325,-0.00018278,-0.00041128,0.00041035,-0.00021282,-0.00031836,-6.8342e-06,0.00096972,0.00023265,-0.00018651,0.00083463,0.00051417,-0.0001651,0.00068622,0.00053284,-0.00021282,0.0006794,0.00048385,-0.00023322,0.00079751,0.000673,-0.00038484,0.00063165,0.0011344,-0.00028577,0.00049775,0.0013864,-0.00031836,0.00048385,0.0012491
0.0017534,0.0001971,0.00052914,0.00063959,0.00016019,3.9123e-05,0.00061549,9.9483e-05,-0.00035207,0.00052012,-5.0578e-06,-0.00023868,0.0001971,0.0039708,-0.00093366,-0.00022039,0.0022291,0.00070106,-0.0001247,0.0011094,0.00099152,-0.00040209,0.00099535,0.00082482,0.00052914,-0.00093366,0.0021058,3.2996e-05,-0.0001212,0.00074806,8.4826e-05,0.00024327,0.00067915,0.00012715,0.00023806,0.00069067,0.00063959,-0.00022039,3.2996e-05,0.00051138,-0.00025257,-0.00026528,0.0004664,-0.00016036,-0.00049671,0.0004031,-0.00019192,-0.00039556,0.00016019,0.0022291,-0.0001212,-0.00025257,0.0016797,0.00052287,-0.00016441,0.00093023,0.00078,-0.00032946,0.00084735,0.00065467,3.9123e-05,0.00070106,0.00074806,-0.00026528,0.00052287,0.0012946,-0.00019723,0.00054138,0.0013066,-0.00019584,0.0005299,0.0011678,0.00061549,-0.0001247,8.4826e-05,0.0004664,-0.00016441,-0.00019723,0.00055028,-9.7343e-05,-0.00043049,0.00043563,-0.0001672,-0.00029497,9.9483e-05,0.0011094,0.00024327,-0.00016036,0.00093023,0.00054138,-9.7343e-05,0.00073578,0.00053101,-0.00018445,0.00069106,0.00051686,-0.00035207,0.00099152,0.00067915,-0.00049671,0.00078,0.0013066,-0.00043049,0.00053101,0.0017008,-0.00042427,0.00055154,0.0014268,0.00052012,-0.00040209,0.00012715,0.0004031,-0.00032946,-0.00019584,0.00043563,-0.00018445,-0.00042427,0.00042126,-0.00021492,-0.00032852,-5.0578e-06,0.00099535,0.00023806,-0.00019192,0.00084735,0.0005299,-0.0001672,0.00069106,0.00055154,-0.00021492,0.0006816,0.00050299,-0.00023868,0.00082482,0.00069067,-0.00039556,0.00065467,0.0011678,-0.00029497,0.00051686,0.0014268,-0.00032852,0.00050299,0.001284
0.0017959,0.00020239,0.00054421,0.00065487,0.00016484,4.1462e-05,0.00063063,0.00010269,-0.00035951,0.00053264,-4.0995e-06,-0.00024344,0.00020239,0.0040681,-0.00095758,-0.00022563,0.0022812,0.0007184,-0.00012735,0.0011338,0.0010163,-0.00041135,0.0010168,0.00084601,0.00054421,-0.00095758,0.0021551,3.4563e-05,-0.00012476,0.00076403,8.7408e-05,0.00024818,0.00069366,0.00013095,0.0002428,0.0007055,0.00065487,-0.00022563,3.4563e-05,0.00052314,-0.00025853,-0.00027097,0.00047774,-0.00016422,-0.00050801,0.00041255,-0.00019632,-0.00040439,0.00016484,0.0022812,-0.00012476,-0.00025853,0.0017146,0.00053565,-0.00016709,0.00094612,0.00079992,-0.00033564,0.00086053,0.00067225,4.1462e-05,0.0007184,0.00076403,-0.00027097,0.00053565,0.0013245,-0.00020181,0.00055451,0.0013368,-0.00020023,0.0005425,0.0011949,0.00063063,-0.00012735,8.7408e-05,0.00047774,-0.00016709,-0.00020181,0.00056327,-9.8208e-05,-0.00044096,0.00044567,-0.00016957,-0.00030223,0.00010269,0.0011338,0.00024818,-0.00016422,0.00094612,0.00055451,-9.8208e-05,0.00074532,0.00054509,-0.0001867,0.00069871,0.00053126,-0.00035951,0.0010163,0.00069366,-0.00050801,0.00079992,0.0013368,-0.00044096,0.00054509,0.0017401,-0.00043458,0.00056597,0.0014596,0.00053264,-0.00041135,0.00013095,0.00041255,-0.00033564,-0.00020023,0.00044567,-0.0001867,-0.00043458,0.00043038,-0.00021763,-0.00033656,-4.0995e-06,0.0010168,0.0002428,-0.00019632,0.00086053,0.0005425,-0.00016957,0.00069871,0.00056597,-0.00021763,0.00068771,0.00051731,-0.00024344,0.00084601,0.0007055,-0.00040439,0.00067225,0.0011949,-0.00030223,0.00053126,0.0014596,-0.00033656,0.00051731,0.0013127
0.0018285,0.00020633,0.00055523,0.00066662,0.00016822,4.2934e-05,0.00064218,0.00010496,-0.00036545,0.00054225,-3.614e-06,-0.00024732,0.00020633,0.0041424,-0.00097561,-0.00022966,0.0023216,0.00073159,-0.00012946,0.0011531,0.0010351,-0.00041855,0.0010339,0.00086196,0.00055523,-0.00097561,0.0021932,3.5586e-05,-0.00012734,0.00077676,8.9265e-05,0.00025216,0.00070522,0.00013369,0.00024666,0.0007173,0.00066662,-0.00022966,3.5586e-05,0.00053229,-0.00026313,-0.0002755,0.00048642,-0.00016718,-0.00051682,0.00041987,-0.00019975,-0.00041133,0.00016822,0.0023216,-0.00012734,-0.00026313,0.0017426,0.00054541,-0.00016944,0.00095983,0.00081494,-0.00034079,0.00087232,0.00068532,4.2934e-05,0.00073159,0.00077676,-0.0002755,0.00054541,0.0013477,-0.00020536,0.00056456,0.0013602,-0.00020368,0.0005522,0.0012159,0.00064218,-0.00012946,8.9265e-05,0.00048642,-0.00016944,-0.00020536,0.0005733,-9.9215e-05,-0.00044897,0.00045348,-0.00017178,-0.00030777,0.00010496,0.0011531,0.00025216,-0.00016718,0.00095983,0.00056456,-9.9215e-05,0.00075452,0.0005556,-0.00018893,0.00070666,0.00054186,-0.00036545,0.0010351,0.00070522,-0.00051682,0.00081494,0.0013602,-0.00044897,0.0005556,0.0017706,-0.00044247,0.00057677,0.0014852,0.00054225,-0.00041855,0.00013369,0.00041987,-0.00034079,-0.00020368,0.00045348,-0.00018893,-0.00044247,0.00043762,-0.00022028,-0.0003427,-3.614e-06,0.0010339,0.00024666,-0.00019975,0.00087232,0.0005522,-0.00017178,0.00070666,0.00057677,-0.00022028,0.00069478,0.00052778,-0.00024732,0.00086196,0.0007173,-0.00041133,0.00068532,0.0012159,-0.00030777,0.00054186,0.0014852,-0.0003427,0.00052778,0.0013353
0.0018525,0.00020918,0.00056312,0.00067535,0.00017064,4.3856e-05,0.0006507,0.00010655,-0.00036999,0.00054937,-3.3844e-06,-0.00025032,0.00020918,0.0041973,-0.0009888,-0.00023266,0.0023517,0.00074132,-0.00013107,0.0011676,0.0010489,-0.00042394,0.0010468,0.00087363,0.00056312,-0.0009888,0.0022216,3.6252e-05,-0.00012918,0.00078645,9.0576e-05,0.00025523,0.00071402,0.00013564,0.00024965,0.00072626,0.00067535,-0.00023266,3.6252e-05,0.00053914,-0.00026655,-0.00027894,0.00049284,-0.00016938,-0.00052344,0.00042532,-0.00020232,-0.00041656,0.00017064,0.0023517,-0.00012918,-0.00026655,0.0017641,0.00055263,-0.00017134,0.00097077,0.00082594,-0.00034482,0.00088193,0.00069479,4.3856e-05,0.00074132,0.00078645,-0.00027894,0.00055263,0.0013651,-0.00020802,0.000572,0.0013777,-0.00020627,0.00055942,0.0012316,0.0006507,-0.00013107,9.0576e-05,0.00049284,-0.00017134,-0.00020802,0.00058076,-0.00010014,-0.0004549,0.00045933,-0.00017361,-0.00031185,0.00010655,0.0011676,0.00025523,-0.00016938,0.00097077,0.000572,-0.00010014,0.00076234,0.00056323,-0.00019086,0.00071364,0.00054948,-0.00036999,0.0010489,0.00071402,-0.00052344,0.00082594,0.0013777,-0.0004549,0.00056323,0.0017935,-0.00044831,0.00058464,0.0015043,0.00054937,-0.00042394,0.00013564,0.00042532,-0.00034482,-0.00020627,0.00045933,-0.00019086,-0.00044831,0.0004431,-0.00022255,-0.00034723,-3.3844e-06,0.0010468,0.00024965,-0.00020232,0.00088193,0.00055942,-0.00017361,0.00071364,0.00058464,-0.00022255,0.00070127,0.00053529,-0.00025032,0.00087363,0.00072626,-0.00041656,0.00069479,0.0012316,-0.00031185,0.00054948,0.0015043,-0.00034723,0.00053529,0.0013523
0.0018699,0.0002112,0.00056866,0.00068163,0.00017233,4.4435e-05,0.00065681,0.00010764,-0.00037331,0.0005545,-3.2845e-06,-0.00025253,0.0002112,0.0042366,-0.00099819,-0.00023483,0.0023734,0.00074828,-0.00013225,0.0011782,0.0010588,-0.00042784,0.0010563,0.00088194,0.00056866,-0.00099819,0.0022421,3.6684e-05,-0.00013046,0.00079353,9.1486e-05,0.00025749,0.00072045,0.00013699,0.00025186,0.00073281,0.00068163,-0.00023483,3.6684e-05,0.0005441,-0.00026902,-0.00028145,0.00049745,-0.00017096,-0.00052824,0.00042926,-0.00020418,-0.00042036,0.00017233,0.0023734,-0.00013046,-0.00026902,0.0017798,0.0005578,-0.00017279,0.00097903,0.00083378,-0.00034782,0.00088928,0.00070149,4.4435e-05,0.00074828,0.00079353,-0.00028145,0.0005578,0.0013776,-0.00020993,0.00057734,0.0013904,-0.00020816,0.00056461,0.0012429,0.00065681,-0.00013225,9.1486e-05,0.00049745,-0.00017279,-0.00020993,0.00058615,-0.00010089,-0.00045915,0.00046356,-0.00017503,-0.00031478,0.00010764,0.0011782,0.00025749,-0.00017096,0.00097903,0.00057734,-0.00010089,0.00076845,0.00056864,-0.00019237,0.0007192,0.00055484,-0.00037331,0.0010588,0.00072045,-0.00052824,0.00083378,0.0013904,-0.00045915,0.00056864,0.00181,-0.0004525,0.00059023,0.0015181,0.0005545,-0.00042784,0.00013699,0.00042926,-0.00034782,-0.00020816,0.00046356,-0.00019237,-0.0004525,0.00044711,-0.00022432,-0.00035049,-3.2845e-06,0.0010563,0.00025186,-0.00020418,0.00088928,0.00056461,-0.00017503,0.0007192,0.00059023,-0.00022432,0.00070655,0.00054055,-0.00025253,0.00088194,0.00073281,-0.00042036,0.00070149,0.0012429,-0.00031478,0.00055484,0.0015181,-0.00035049,0.00054055,0.0013646
0.0018819,0.00021259,0.00057246,0.00068603,0.00017348,4.4799e-05,0.00066107,0.00010838,-0.00037567,0.00055808,-3.2459e-06,-0.00025411,0.00021259,0.0042641,-0.0010047,-0.00023634,0.0023887,0.00075314,-0.00013309,0.0011857,0.0010656,-0.00043058,0.001063,0.00088771,0.00057246,-0.0010047,0.0022565,3.6964e-05,-0.00013134,0.00079855,9.2107e-05,0.0002591,0.000725,0.00013792,0.00025343,0.00073745,0.00068603,-0.00023634,3.6964e-05,0.00054758,-0.00027075,-0.00028323,0.00050067,-0.00017206,-0.00053162,0.00043202,-0.00020549,-0.00042303,0.00017348,0.0023887,-0.00013134,-0.00027075,0.001791,0.00056141,-0.00017383,0.00098499,0.00083923,-0.00034997,0.00089462,0.00070612,4.4799e-05,0.00075314,0.00079855,-0.00028323,0.00056141,0.0013864,-0.00021128,0.00058108,0.0013993,-0.00020948,0.00056825,0.0012509,0.00066107,-0.00013309,9.2107e-05,0.00050067,-0.00017383,-0.00021128,0.00058992,-0.00010146,-0.00046212,0.00046653,-0.00017607,-0.00031682,0.00010838,0.0011857,0.0002591,-0.00017206,0.00098499,0.00058108,-0.00010146,0.00077296,0.00057238,-0.00019349,0.00072335,0.00055854,-0.00037567,0.0010656,0.000725,-0.00053162,0.00083923,0.0013993,-0.00046212,0.00057238,0.0018216,-0.00045543,0.0005941,0.0015278,0.00055808,-0.00043058,0.00013792,0.00043202,-0.00034997,-0.00020948,0.00046653,-0.00019349,-0.00045543,0.00044994,-0.00022564,-0.00035276,-3.2459e-06,0.001063,0.00025343,-0.00020549,0.00089462,0.00056825,-0.00017607,0.00072335,0.0005941,-0.00022564,0.00071055,0.00054416,-0.00025411,0.00088771,0.00073745,-0.00042303,0.00070612,0.0012509,-0.00031682,0.00055854,0.0015278,-0.00035276,0.00054416,0.0013733
0.0018902,0.00021353,0.00057502,0.00068902,0.00017426,4.5029e-05,0.00066397,0.00010887,-0.00037728,0.00056052,-3.234e-06,-0.0002552,0.00021353,0.0042828,-0.0010091,-0.00023737,0.0023991,0.00075644,-0.00013366,0.0011908,0.0010703,-0.00043245,0.0010675,0.00089162,0.00057502,-0.0010091,0.0022664,3.7144e-05,-0.00013193,0.00080199,9.2522e-05,0.00026021,0.00072812,0.00013854,0.00025451,0.00074063,0.00068902,-0.00023737,3.7144e-05,0.00054996,-0.00027193,-0.00028445,0.00050286,-0.00017281,-0.00053393,0.0004339,-0.00020638,-0.00042486,0.00017426,0.0023991,-0.00013193,-0.00027193,0.0017987,0.00056387,-0.00017456,0.00098914,0.00084292,-0.00035146,0.00089836,0.00070925,4.5029e-05,0.00075644,0.00080199,-0.00028445,0.00056387,0.0013925,-0.0002122,0.00058362,0.0014054,-0.00021039,0.00057073,0.0012563,0.00066397,-0.00013366,9.2522e-05,0.00050286,-0.00017456,-0.0002122,0.00059249,-0.00010187,-0.00046414,0.00046855,-0.0001768,-0.00031821,0.00010887,0.0011908,0.00026021,-0.00017281,0.00098914,0.00058362,-0.00010187,0.00077614,0.00057492,-0.00019428,0.00072629,0.00056102,-0.00037728,0.0010703,0.00072812,-0.00053393,0.00084292,0.0014054,-0.00046414,0.00057492,0.0018295,-0.00045742,0.00059673,0.0015345,0.00056052,-0.00043245,0.00013854,0.0004339,-0.00035146,-0.00021039,0.00046855,-0.00019428,-0.00045742,0.00045188,-0.00022656,-0.0003543,-3.234e-06,0.0010675,0.00025451,-0.00020638,0.00089836,0.00057073,-0.0001768,0.00072629,0.00059673,-0.00022656,0.0007134,0.00054659,-0.0002552,0.00089162,0.00074063,-0.00042486,0.00070925,0.0012563,-0.00031821,0.00056102,0.0015345,-0.0003543,0.00054659,0.0013793
0.0018902,0.00021353,0.00057502,0.00068902,0.00017426,4.5029e-05,0.00066397,0.00010887,-0.00037728,0.00056052,-3.234e-06,-0.0002552,0.00021353,0.0042828,-0.0010091,-0.00023737,0.0023991,0.00075644,-0.00013366,0.0011908,0.0010703,-0.00043245,0.0010675,0.00089162,0.00057502,-0.0010091,0.0022664,3.7144e-05,-0.00013193,0.00080199,9.2522e-05,0.00026021,0.00072812,0.00013854,0.00025451,0.00074063,0.00068902,-0.00023737,3.7144e-05,0.00054996,-0.00027193,-0.00028445,0.00050286,-0.00017281,-0.00053393,0.0004339,-0.00020638,-0.00042486,0.00017426,0.0023991,-0.00013193,-0.00027193,0.0017987,0.00056387,-0.00017456,0.00098914,0.00084292,-0.00035146,0.00089836,0.00070925,4.5029e-05,0.00075644,0.00080199,-0.00028445,0.00056387,0.0013925,-0.0002122,0.00058362,0.0014054,-0.00021039,0.00057073,0.0012563,0.00066397,-0.00013366,9.2522e-05,0.00050286,-0.00017456,-0.0002122,0.00059249,-0.00010187,-0.00046414,0.00046855,-0.0001768,-0.00031821,0.00010887,0.0011908,0.00026021,-0.00017281,0.00098914,0.00058362,-0.00010187,0.00077614,0.00057492,-0.00019428,0.00072629,0.00056102,-0.00037728,0.0010703,0.00072812,-0.00053393,0.00084292,0.0014054,-0.00046414,0.00057492,0.0018295,-0.00045742,0.00059673,0.0015345,0.00056052,-0.00043245,0.00013854,0.0004339,-0.00035146,-0.00021039,0.00046855,-0.00019428,-0.00045742,0.00045188,-0.00022656,-0.0003543,-3.234e-06,0.0010675,0.00025451,-0.00020638,0.00089836,0.00057073,-0.0001768,0.00072629,0.00059673,-0.00022656,0.0007134,0.00054659,-0.0002552,0.00089162,0.00074063,-0.00042486,0.00070925,0.0012563,-0.00031821,0.00056102,0.0015345,-0.0003543,0.00054659,0.0013793
0.0018902,0.00021353,0.00057502,0.00068902,0.00017426,4.5029e-05,0.00066397,0.00010887,-0.00037728,0.00056052,-3.234e-06,-0.0002552,0.00021353,0.0042828,-0.0010091,-0.00023737,0.0023991,0.00075644,-0.00013366,0.0011908,0.0010703,-0.00043245,0.0010675,0.00089162,0.00057502,-0.0010091,0.0022664,3.7144e-05,-0.00013193,0.00080199,9.2522e-05,0.00026021,0.00072812,0.00013854,0.00025451,0.00074063,0.00068902,-0.00023737,3.7144e-05,0.00054996,-0.00027193,-0.00028445,0.00050286,-0.00017281,-0.00053393,0.0004339,-0.00020638,-0.00042486,0.00017426,0.0023991,-0.00013193,-0.00027193,0.0017987,0.00056387,-0.00017456,0.00098914,0.00084292,-0.00035146,0.00089836,0.00070925,4.5029e-05,0.00075644,0.00080199,-0.00028445,0.00056387,0.0013925,-0.0002122,0.00058362,0.0014054,-0.00021039,0.00057073,0.0012563,0.00066397,-0.00013366,9.2522e-05,0.00050286,-0.00017456,-0.0002122,0.00059249,-0.00010187,-0.00046414,0.00046855,-0.0001768,-0.00031821,0.00010887,0.0011908,0.00026021,-0.00017281,0.00098914,0.00058362,-0.00010187,0.00077614,0.00057492,-0.00019428,0.00072629,0.00056102,-0.00037728,0.0010703,0.00072812,-0.00053393,0.00084292,0.0014054,-0.00046414,0.00057492,0.0018295,-0.00045742,0.00059673,0.0015345,0.00056052,-0.00043245,0.00013854,0.0004339,-0.00035146,-0.00021039,0.00046855,-0.00019428,-0.00045742,0.00045188,-0.00022656,-0.0003543,-3.234e-06,0.0010675,0.00025451,-0.00020638,0.00089836,0.00057073,-0.0001768,0.00072629,0.00059673,-0.00022656,0.0007134,0.00054659,-0.0002552,0.00089162,0.00074063,-0.00042486,0.00070925,0.0012563,-0.00031821,0.00056102,0.0015345,-0.0003543,0.00054659,0.0013793
0.0018902,0.00021353,0.00057502,0.00068902,0.00017426,4.5029e-05,0.00066397,0.00010887,-0.00037728,0.00056052,-3.234e-06,-0.0002552,0.00021353,0.0042828,-0.0010091,-0.00023737,0.0023991,0.00075644,-0.00013366,0.0011908,0.0010703,-0.00043245,0.0010675,0.00089162,0.00057502,-0.0010091,0.0022664,3.7144e-05,-0.00013193,0.00080199,9.2522e-05,0.00026021,0.00072812,0.00013854,0.00025451,0.00074063,0.00068902,-0.00023737,3.7144e-05,0.00054996,-0.00027193,-0.00028445,0.00050286,-0.00017281,-0.00053393,0.0004339,-0.00020638,-0.00042486,0.00017426,0.0023991,-0.00013193,-0.00027193,0.0017987,0.00056387,-0.00017456,0.00098914,0.00084292,-0.00035146,0.00089836,0.00070925,4.5029e-05,0.00075644,0.00080199,-0.00028445,0.00056387,0.0013925,-0.0002122,0.00058362,0.0014054,-0.00021039,0.00057073,0.0012563,0.00066397,-0.00013366,9.2522e-05,0.00050286,-0.00017456,-0.0002122,0.00059249,-0.00010187,-0.00046414,0.00046855,-0.0001768,-0.00031821,0.00010887,0.0011908,0.00026021,-0.00017281,0.00098914,0.00058362,-0.00010187,0.00077614,0.00057492,-0.00019428,0.00072629,0.00056102,-0.00037728,0.0010703,0.00072812,-0.00053393,0.00084292,0.0014054,-0.00046414,0.00057492,0.0018295,-0.00045742,0.00059673,0.0015345,0.00056052,-0.00043245,0.00013854,0.0004339,-0.00035146,-0.00021039,0.00046855,-0.00019428,-0.00045742,0.00045188,-0.00022656,-0.0003543,-3.234e-06,0.0010675,0.00025451,-0.00020638,0.00089836,0.00057073,-0.0001768,0.00072629,0.00059673,-0.00022656,0.0007134,0.00054659,-0.0002552,0.00089162,0.00074063,-0.00042486,0.00070925,0.0012563,-0.00031821,0.00056102,0.0015345,-0.0003543,0.00054659,0.0013793
0.0018902,0.00021353,0.00057502,0.00068902,0.00017426,4.5029e-05,0.00066397,0.00010887,-0.00037728,0.00056052,-3.234e-06,-0.0002552,0.00021353,0.0042828,-0.0010091,-0.00023737,0.0023991,0.00075644,-0.00013366,0.0011908,0.0010703,-0.00043245,0.0010675,0.00089162,0.00057502,-0.0010091,0.0022664,3.7144e-05,-0.00013193,0.00080199,9.2522e-05,0.00026021,0.00072812,0.00013854,0.00025451,0.00074063,0.00068902,-0.00023737,3.7144e-05,0.00054996,-0.00027193,-0.00028445,0.00050286,-0.00017281,-0.00053393,0.0004339,-0.00020638,-0.00042486,0.00017426,0.0023991,-0.00013193,-0.00027193,0.0017987,0.00056387,-0.00017456,0.00098914,0.00084292,-0.00035146,0.00089836,0.00070925,4.5029e-05,0.00075644,0.00080199,-0.00028445,0.00056387,0.0013925,-0.0002122,0.00058362,0.0014054,-0.00021039,0.00057073,0.0012563,0.00066397,-0.00013366,9.2522e-05,0.00050286,-0.00017456,-0.0002122,0.00059249,-0.00010187,-0.00046414,0.00046855,-0.0001768,-0.00031821,0.00010887,0.0011908,0.00026021,-0.00017281,0.00098914,0.00058362,-0.00010187,0.00077614,0.00057492,-0.00019428,0.00072629,0.00056102,-0.00037728,0.0010703,0.00072812,-0.00053393,0.00084292,0.0014054,-0.00046414,0.00057492,0.0018295,-0.00045742,0.00059673,0.0015345,0.00056052,-0.00043245,0.00013854,0.0004339,-0.00035146,-0.00021039,0.00046855,-0.00019428,-0.00045742,0.00045188,-0.00022656,-0.0003543,-3.234e-06,0.0010675,0.00025451,-0.00020638,0.00089836,0.00057073,-0.0001768,0.00072629,0.00059673,-0.00022656,0.0007134,0.00054659,-0.0002552,0.00089162,0.00074063,-0.00042486,0.00070925,0.0012563,-0.00031821,0.00056102,0.0015345,-0.0003543,0.00054659,0.0013793
0.0018902,0.00021353,0.00057502,0.00068902,0.00017426,4.5029e-05,0.00066397,0.00010887,-0.00037728,0.00056052,-3.234e-06,-0.0002552,0.00021353,0.0042828,-0.0010091,-0.00023737,0.0023991,0.00075644,-0.00013366,0.0011908,0.0010703,-0.00043245,0.0010675,0.00089162,0.00057502,-0.0010091,0.0022664,3.7144e-05,-0.00013193,0.00080199,9.2522e-05,0.00026021,0.00072812,0.00013854,0.00025451,0.00074063,0.00068902,-0.00023737,3.7144e-05,0.00054996,-0.00027193,-0.00028445,0.00050286,-0.00017281,-0.00053393,0.0004339,-0.00020638,-0.00042486,0.00017426,0.0023991,-0.00013193,-0.00027193,0.0017987,0.00056387,-0.00017456,0.00098914,0.00084292,-0.00035146,0.00089836,0.00070925,4.5029e-05,0.00075644,0.00080199,-0.00028445,0.00056387,0.0013925,-0.0002122,0.00058362,0.0014054,-0.00021039,0.00057073,0.0012563,0.00066397,-0.00013366,9.2522e-05,0.00050286,-0.00017456,-0.0002122,0.00059249,-0.00010187,-0.00046414,0.00046855,-0.0001768,-0.00031821,0.00010887,0.0011908,0.00026021,-0.00017281,0.00098914,0.00058362,-0.00010187,0.00077614,0.00057492,-0.00019428,0.00072629,0.00056102,-0.00037728,0.0010703,0.00072812,-0.00053393,0.00084292,0.0014054,-0.00046414,0.00057492,0.0018295,-0.00045742,0.00059673,0.0015345,0.00056052,-0.00043245,0.00013854,0.0004339,-0.00035146,-0.00021039,0.00046855,-0.00019428,-0.00045742,0.00045188,-0.00022656,-0.0003543,-3.234e-06,0.0010675,0.00025451,-0.00020638,0.00089836,0.00057073,-0.0001768,0.00072629,0.00059673,-0.00022656,0.0007134,0.00054659,-0.0002552,0.00089162,0.00074063,-0.00042486,0.00070925,0.0012563,-0.00031821,0.00056102,0.0015345,-0.0003543,0.00054659,0.0013793
0.0018902,0.00021353,0.00057502,0.00068902,0.00017426,4.5029e-05,0.00066397,0.00010887,-0.00037728,0.00056052,-3.234e-06,-0.0002552,0.00021353,0.0042828,-0.0010091,-0.00023737,0.0023991,0.00075644,-0.00013366,0.0011908,0.0010703,-0.00043245,0.0010675,0.00089162,0.00057502,-0.0010091,0.0022664,3.7144e-05,-0.00013193,0.00080199,9.2522e-05,0.00026021,0.00072812,0.00013854,0.00025451,0.00074063,0.00068902,-0.00023737,3.7144e-05,0.00054996,-0.00027193,-0.00028445,0.00050286,-0.00017281,-0.00053393,0.0004339,-0.00020638,-0.00042486,0.00017426,0.0023991,-0.00013193,-0.00027193,0.0017987,0.00056387,-0.00017456,0.00098914,0.00084292,-0.00035146,0.00089836,0.00070925,4.5029e-05,0.00075644,0.00080199,-0.00028445,0.00056387,0.0013925,-0.0002122,0.00058362,0.0014054,-0.00021039,0.00057073,0.0012563,0.00066397,-0.00013366,9.2522e-05,0.00050286,-0.00017456,-0.0002122,0.00059249,-0.00010187,-0.00046414,0.00046855,-0.0001768,-0.00031821,0.00010887,0.0011908,0.00026021,-0.00017281,0.00098914,0.00058362,-0.00010187,0.00077614,0.00057492,-0.00019428,0.00072629,0.00056102,-0.00037728,0.0010703,0.00072812,-0.00053393,0.00084292,0.0014054,-0.00046414,0.00057492,0.0018295,-0.00045742,0.00059673,0.0015345,0.00056052,-0.00043245,0.00013854,0.0004339,-0.00035146,-0.00021039,0.00046855,-0.00019428,-0.00045742,0.00045188,-0.00022656,-0.0003543,-3.234e-06,0.0010675,0.00025451,-0.00020638,0.00089836,0.00057073,-0.0001768,0.00072629,0.00059673,-0.00022656,0.0007134,0.00054659,-0.0002552,0.00089162,0.00074063,-0.00042486,0.00070925,0.0012563,-0.00031821,0.00056102,0.0015345,-0.0003543,0.00054659,0.0013793
0.0018902,0.00021353,0.00057502,0.00068902,0.00017426,4.5029e-05,0.00066397,0.00010887,-0.00037728,0.00056052,-3.234e-06,-0.0002552,0.00021353,0.0042828,-0.0010091,-0.00023737,0.0023991,0.00075644,-0.00013366,0.0011908,0.0010703,-0.00043245,0.0010675,0.00089162,0.00057502,-0.0010091,0.0022664,3.7144e-05,-0.00013193,0.00080199,9.2522e-05,0.00026021,0.00072812,0.00013854,0.00025451,0.00074063,0.00068902,-0.00023737,3.7144e-05,0.00054996,-0.00027193,-0.00028445,0.00050286,-0.00017281,-0.00053393,0.0004339,-0.00020638,-0.00042486,0.00017426,0.0023991,-0.00013193,-0.00027193,0.0017987,0.00056387,-0.00017456,0.00098914,0.00084292,-0.00035146,0.00089836,0.00070925,4.5029e-05,0.00075644,0.00080199,-0.00028445,0.00056387,0.0013925,-0.0002122,0.00058362,0.0014054,-0.00021039,0.00057073,0.0012563,0.00066397,-0.00013366,9.2522e-05,0.00050286,-0.00017456,-0.0002122,0.00059249,-0.00010187,-0.00046414,0.00046855,-0.0001768,-0.00031821,0.00010887,0.0011908,0.00026021,-0.00017281,0.00098914,0.00058362,-0.00010187,0.00077614,0.00057492,-0.00019428,0.00072629,0.00056102,-0.00037728,0.0010703,0.00072812,-0.00053393,0.00084292,0.0014054,-0.00046414,0.00057492,0.0018295,-0.00045742,0.00059673,0.0015345,0.00056052,-0.00043245,0.00013854,0.0004339,-0.00035146,-0.00021039,0.00046855,-0.00019428,-0.00045742,0.00045188,-0.00022656,-0.0003543,-3.234e-06,0.0010675,0.00025451,-0.00020638,0.00089836,0.00057073,-0.0001768,0.00072629,0.00059673,-0.00022656,0.0007134,0.00054659,-0.0002552,0.00089162,0.00074063,-0.00042486,0.00070925,0.0012563,-0.00031821,0.00056102,0.0015345,-0.0003543,0.00054659,0.0013793
0.0018902,0.00021353,0.00057502,0.00068902,0.00017426,4.5029e-05,0.00066397,0.00010887,-0.00037728,0.00056052,-3.234e-06,-0.0002552,0.00021353,0.0042828,-0.0010091,-0.00023737,0.0023991,0.00075644,-0.00013366,0.0011908,0.0010703,-0.00043245,0.0010675,0.00089162,0.00057502,-0.0010091,0.0022664,3.7144e-05,-0.00013193,0.00080199,9.2522e-05,0.00026021,0.00072812,0.00013854,0.00025451,0.00074063,0.00068902,-0.00023737,3.7144e-05,0.00054996,-0.00027193,-0.00028445,0.00050286,-0.00017281,-0.00053393,0.0004339,-0.00020638,-0.00042486,0.00017426,0.0023991,-0.00013193,-0.00027193,0.0017987,0.00056387,-0.00017456,0.00098914,0.00084292,-0.00035146,0.00089836,0.00070925,4.5029e-05,0.00075644,0.00080199,-0.00028445,0.00056387,0.0013925,-0.0002122,0.00058362,0.0014054,-0.00021039,0.00057073,0.0012563,0.00066397,-0.00013366,9.2522e-05,0.00050286,-0.00017456,-0.0002122,0.00059249,-0.00010187,-0.00046414,0.00046855,-0.0001768,-0.00031821,0.00010887,0.0011908,0.00026021,-0.00017281,0.00098914,0.00058362,-0.00010187,0.00077614,0.00057492,-0.00019428,0.00072629,0.00056102,-0.00037728,0.0010703,0.00072812,-0.00053393,0.00084292,0.0014054,-0.00046414,0.00057492,0.0018295,-0.00045742,0.00059673,0.0015345,0.00056052,-0.00043245,0.00013854,0.0004339,-0.00035146,-0.00021039,0.00046855,-0.00019428,-0.00045742,0.00045188,-0.00022656,-0.0003543,-3.234e-06,0.0010675,0.00025451,-0.00020638,0.00089836,0.00057073,-0.0001768,0.00072629,0.00059673,-0.00022656,0.0007134,0.00054659,-0.0002552,0.00089162,0.00074063,-0.00042486,0.00070925,0.0012563,-0.00031821,0.00056102,0.0015345,-0.0003543,0.00054659,0.0013793
0.0018902,0.00021353,0.00057502,0.00068902,0.00017426,4.5029e-05,0.00066397,0.00010887,-0.00037728,0.00056052,-3.234e-06,-0.0002552,0.00021353,0.0042828,-0.0010091,-0.00023737,0.0023991,0.00075644,-0.00013366,0.0011908,0.0010703,-0.00043245,0.0010675,0.00089162,0.00057502,-0.0010091,0.0022664,3.7144e-05,-0.00013193,0.00080199,9.2522e-05,0.00026021,0.00072812,0.00013854,0.00025451,0.00074063,0.00068902,-0.00023737,3.7144e-05,0.00054996,-0.00027193,-0.00028445,0.00050286,-0.00017281,-0.00053393,0.0004339,-0.00020638,-0.00042486,0.00017426,0.0023991,-0.00013193,-0.00027193,0.0017987,0.00056387,-0.00017456,0.00098914,0.00084292,-0.00035146,0.00089836,0.00070925,4.5029e-05,0.00075644,0.00080199,-0.00028445,0.00056387,0.0013925,-0.0002122,0.00058362,0.0014054,-0.00021039,0.00057073,0.0012563,0.00066397,-0.00013366,9.2522e-05,0.00050286,-0.00017456,-0.0002122,0.00059249,-0.00010187,-0.00046414,0.00046855,-0.0001768,-0.00031821,0.00010887,0.0011908,0.00026021,-0.00017281,0.00098914,0.00058362,-0.00010187,0.00077614,0.00057492,-0.00019428,0.00072629,0.00056102,-0.00037728,0.0010703,0.00072812,-0.00053393,0.00084292,0.0014054,-0.00046414,0.00057492,0.0018295,-0.00045742,0.00059673,0.0015345,0.00056052,-0.00043245,0.00013854,0.0004339,-0.00035146,-0.00021039,0.00046855,-0.00019428,-0.00045742,0.00045188,-0.00022656,-0.0003543,-3.234e-06,0.0010675,0.00025451,-0.00020638,0.00089836,0.00057073,-0.0001768,0.00072629,0.00059673,-0.00022656,0.0007134,0.00054659,-0.0002552,0.00089162,0.00074063,-0.00042486,0.00070925,0.0012563,-0.00031821,0.00056102,0.0015345,-0.0003543,0.00054659,0.0013793
0.0018902,0.00021353,0.00057502,0.00068902,0.00017426,4.5029e-05,0.00066397,0.00010887,-0.00037728,0.00056052,-3.234e-06,-0.0002552,0.00021353,0.0042828,-0.0010091,-0.00023737,0.0023991,0.00075644,-0.00013366,0.0011908,0.0010703,-0.00043245,0.0010675,0.00089162,0.00057502,-0.0010091,0.0022664,3.7144e-05,-0.00013193,0.00080199,9.2522e-05,0.00026021,0.00072812,0.00013854,0.00025451,0.00074063,0.00068902,-0.00023737,3.7144e-05,0.00054996,-0.00027193,-0.00028445,0.00050286,-0.00017281,-0.00053393,0.0004339,-0.00020638,-0.00042486,0.00017426,0.0023991,-0.00013193,-0.00027193,0.0017987,0.00056387,-0.00017456,0.00098914,0.00084292,-0.00035146,0.00089836,0.00070925,4.5029e-05,0.00075644,0.00080199,-0.00028445,0.00056387,0.0013925,-0.0002122,0.00058362,0.0014054,-0.00021039,0.00057073,0.0012563,0.00066397,-0.00013366,9.2522e-05,0.00050286,-0.00017456,-0.0002122,0.00059249,-0.00010187,-0.00046414,0.00046855,-0.0001768,-0.00031821,0.00010887,0.0011908,0.00026021,-0.00017281,0.00098914,0.00058362,-0.00010187,0.00077614,0.00057492,-0.00019428,0.00072629,0.00056102,-0.00037728,0.0010703,0.00072812,-0.00053393,0.00084292,0.0014054,-0.00046414,0.00057492,0.0018295,-0.00045742,0.00059673,0.0015345,0.00056052,-0.00043245,0.00013854,0.0004339,-0.00035146,-0.00021039,0.00046855,-0.00019428,-0.00045742,0.00045188,-0.00022656,-0.0003543,-3.234e-06,0.0010675,0.00025451,-0.00020638,0.00089836,0.00057073,-0.0001768,0.00072629,0.00059673,-0.00022656,0.0007134,0.00054659,-0.0002552,0.00089162,0.00074063,-0.00042486,0.00070925,0.0012563,-0.00031821,0.00056102,0.0015345,-0.0003543,0.00054659,0.0013793
